0 20 200 30 11 27 25 28 29 25 2 17 3 26 26 29 11 24 7 21 25 19 1 23 30 18 23 15 3 22 7 11 16 20 34 6 18 10 23 16 39 13 30
1 20 183 29 2 28 1 27 32 26 23 25 38 22 2 24 27 16 33 23 30 21 32 18 38 20 26 2 19 17 31 4 1 19 23 11 38 14 23 6 11 15 22
2 20 185 29 26 27 23 28 19 21 31 16 31 24 31 23 18 26 2 25 4 22 7 14 16 18 2 12 31 20 17 1 7 11 33 13 4 8 15 17 33 15 35
3 20 190 29 7 28 6 27 7 8 30 22 24 24 21 26 7 23 40 17 19 25 35 16 5 20 15 19 31 21 30 15 10 18 19 13 27 14 40 5 12 11 1
4 20 188 27 33 29 34 28 12 25 12 26 6 23 16 22 12 16 10 12 15 20 7 14 16 24 30 19 39 15 18 8 37 21 22 17 3 11 14 18 39 2 38
5 20 181 29 5 28 31 25 35 24 16 26 10 27 5 19 28 23 30 20 25 22 1 3 25 12 29 17 39 10 1 16 31 21 21 11 24 7 8 8 15 15 11
6 20 190 29 20 26 40 7 26 27 23 25 11 28 28 21 21 11 26 13 1 22 14 24 1 6 14 19 27 23 28 20 10 16 30 14 11 15 16 18 6 17 14
7 20 182 29 33 28 14 27 13 18 39 19 26 26 24 13 26 25 35 21 8 24 6 22 6 23 32 17 36 20 9 15 10 16 23 5 19 12 32 1 4 3 1
8 20 177 25 25 29 30 28 26 26 31 27 38 15 15 24 26 22 12 23 38 1 5 18 1 5 33 20 10 21 3 17 8 13 7 9 6 11 22 14 4 6 21
9 20 184 29 21 28 30 21 36 27 19 24 37 26 26 16 33 20 30 9 4 22 13 25 3 23 3 12 33 18 27 17 19 11 13 14 14 15 36 4 6 8 30
10 20 187 29 37 28 37 27 25 26 40 21 22 20 15 25 15 23 7 24 14 15 5 19 30 13 24 12 14 22 19 7 29 17 15 3 7 16 15 10 4 18 37
11 20 191 29 21 24 31 28 25 26 11 27 28 23 25 25 36 18 15 20 22 22 8 19 11 16 29 13 6 11 1 15 24 17 14 10 15 21 27 6 27 12 33
12 20 190 29 30 28 12 23 38 19 13 15 16 27 16 26 21 12 25 18 37 24 16 21 6 25 13 13 35 16 31 22 16 11 8 5 17 10 9 20 24 17 24
13 20 187 29 12 19 8 25 3 26 36 9 35 28 11 24 25 23 6 27 10 21 1 20 3 22 10 11 36 18 9 12 5 15 19 10 7 7 5 13 36 16 4
14 20 188 29 39 26 32 27 14 28 36 17 17 24 26 25 21 23 9 22 5 1 33 20 32 12 24 15 5 18 7 21 30 13 8 16 18 19 2 7 2 14 12
15 20 189 29 21 28 36 27 32 19 1 21 22 26 7 13 20 18 6 23 36 25 30 20 27 15 14 24 18 12 35 22 36 17 10 4 39 16 21 11 25 8 22
16 20 171 29 17 25 2 23 12 28 38 27 36 26 9 4 22 22 29 18 27 5 4 24 10 21 23 20 9 19 35 15 31 10 14 6 28 16 29 3 11 1 11
17 20 188 23 31 29 13 28 4 24 27 26 28 25 18 6 33 27 24 8 31 22 5 20 4 18 30 21 22 15 26 17 2 19 1 7 34 14 1 11 2 16 30
18 20 193 27 32 29 19 28 36 24 22 23 19 25 20 14 8 19 36 21 24 20 4 26 28 11 11 22 29 18 2 17 9 10 6 12 23 9 10 16 30 15 13
19 20 178 27 21 24 38 29 4 28 27 23 36 25 28 26 32 20 27 22 13 17 33 15 37 21 25 3 4 18 24 11 20 1 36 19 7 10 12 4 25 13 11
20 20 188 29 24 28 15 23 32 27 6 25 8 24 23 26 29 18 27 9 10 16 39 15 28 19 20 20 21 21 23 14 33 22 19 2 22 10 17 17 40 12 37
21 20 190 29 17 24 36 28 8 26 16 23 12 21 14 27 28 22 5 25 32 18 25 16 8 8 9 12 20 20 32 17 28 19 21 3 6 14 9 15 7 13 18
22 20 188 29 35 25 15 27 24 24 11 28 30 20 11 26 40 23 28 21 6 6 28 16 37 22 11 12 39 17 5 14 24 18 18 11 30 8 6 10 23 19 8
23 20 180 29 1 27 27 28 25 26 8 25 38 22 28 24 14 21 23 7 22 23 12 18 33 2 11 19 30 20 5 9 4 16 35 8 6 17 35 14 31 5 12
24 20 194 26 10 29 2 28 21 27 24 23 32 25 3 22 11 24 34 18 9 13 5 19 13 20 32 9 1 21 38 15 11 12 30 17 8 14 39 16 2 11 34
25 20 184 29 18 24 2 28 9 27 31 23 31 26 21 1 2 25 4 11 1 22 30 17 1 20 29 16 39 13 29 19 10 6 19 14 34 8 13 21 38 18 36
26 20 193 29 8 23 14 26 30 28 33 27 23 18 14 25 7 22 27 10 13 21 14 19 32 24 27 20 34 15 26 14 25 13 31 17 39 16 19 9 36 11 14
27 20 181 28 5 29 4 27 14 23 30 24 1 26 12 25 23 21 10 22 39 20 34 16 12 18 21 17 31 19 3 7 7 14 6 9 19 12 18 3 33 2 24
28 20 183 29 2 27 17 24 18 28 38 21 26 23 14 26 40 16 25 19 9 25 36 11 35 22 20 20 20 5 25 8 35 17 9 14 19 4 12 18 1 9 33
29 20 189 29 16 28 11 20 34 26 13 25 14 27 29 24 40 21 11 15 39 14 5 18 14 7 38 22 10 23 20 17 18 16 20 13 11 19 21 4 10 11 18
30 20 184 29 30 26 33 28 14 27 1 25 5 20 5 22 23 24 5 17 1 21 35 16 15 18 7 23 30 12 32 19 23 9 31 4 39 5 8 8 40 15 8
31 20 186 26 3 28 1 29 34 25 13 15 36 24 23 22 22 17 25 27 15 23 2 21 4 7 5 16 3 12 7 20 14 10 21 9 17 18 40 19 31 5 1
32 20 183 29 31 25 33 28 25 23 22 26 24 17 6 27 38 24 10 21 3 5 32 15 31 10 11 20 37 22 6 19 32 12 16 13 4 18 25 8 19 4 28
33 20 188 19 1 29 15 28 24 27 6 26 10 18 39 23 16 24 7 25 7 13 23 22 30 21 32 17 28 14 26 15 27 6 33 20 31 12 19 10 40 8 7
34 20 187 29 10 28 7 27 36 19 11 26 28 20 4 22 40 1 38 25 24 23 39 24 16 21 5 16 25 17 5 14 15 15 5 18 28 12 20 10 17 8 30
35 20 183 23 36 28 22 24 34 26 11 29 34 5 27 22 25 27 11 21 22 14 27 25 6 20 24 7 32 17 39 19 11 2 18 8 40 15 39 18 2 16 7
36 20 189 29 28 28 9 27 38 26 10 12 29 25 26 17 28 23 38 14 40 18 39 24 2 3 25 19 17 22 37 6 1 13 35 20 6 21 35 15 20 16 25
37 20 184 27 26 28 22 29 9 24 36 15 39 20 9 26 16 25 17 23 39 17 17 21 32 22 36 19 3 18 4 16 25 8 13 1 31 14 31 2 32 13 12
38 20 178 29 17 15 10 23 27 28 10 26 5 25 5 27 10 22 6 21 25 10 38 24 38 20 10 14 20 17 1 12 16 4 21 8 9 6 10 7 24 19 40
39 20 191 29 24 24 20 28 8 25 21 27 3 21 34 26 6 23 23 15 3 19 18 22 21 8 22 10 7 17 29 20 20 9 7 16 21 13 5 12 20 18 36
40 20 185 28 18 29 17 27 18 26 34 23 16 21 39 25 15 24 31 16 12 5 11 17 33 19 35 22 24 13 9 11 27 18 36 2 19 14 23 10 27 20 36
41 20 187 19 21 28 29 29 23 26 3 27 28 23 35 21 12 24 25 22 17 25 33 16 4 10 30 18 22 6 6 14 13 20 10 9 38 11 35 15 2 12 3
42 20 186 29 35 28 14 27 30 22 13 25 8 6 18 9 18 13 29 17 6 26 10 18 6 23 34 24 30 20 16 8 33 10 4 16 38 19 12 21 15 11 26
43 20 184 28 18 29 28 27 21 26 2 25 27 5 36 17 20 22 31 23 24 16 35 24 26 1 28 21 26 9 32 15 17 18 32 13 33 20 20 19 37 10 24
44 20 184 29 6 28 39 22 24 21 32 26 26 25 21 24 5 27 36 18 5 20 22 23 22 17 17 15 37 11 34 19 28 7 22 13 16 8 8 12 1 3 25
45 20 190 27 1 25 25 29 34 28 22 26 20 24 13 16 32 21 23 10 7 23 32 2 31 22 1 11 13 20 34 18 13 14 13 19 27 17 33 13 10 15 33
46 20 184 29 39 28 31 27 16 26 8 23 26 25 26 24 22 17 28 20 18 21 40 16 31 13 25 18 19 22 27 3 6 11 11 12 30 5 11 10 15 19 31
47 20 189 29 31 26 21 28 23 27 29 17 18 25 38 19 3 20 22 22 32 23 40 18 24 21 31 8 11 24 40 6 31 7 19 16 21 13 16 14 18 15 9
48 20 184 29 38 27 31 28 3 26 10 25 13 10 21 24 7 23 22 19 16 16 33 20 20 21 12 6 16 17 31 15 19 18 20 22 11 14 14 5 6 3 24
49 20 183 29 14 28 23 27 6 16 26 26 25 24 15 23 11 25 2 22 18 18 21 13 32 14 34 21 25 7 21 8 22 20 2 11 40 4 28 19 27 12 35
