0 20 171 28 15 27 26 14 18 10 28 29 16 25 29 20 10 16 39 26 31 7 20 30 19 6 3 23 23 22 7 3 26 2 4 18 24 12 33 17 5 8 15
1 20 180 25 3 14 35 9 6 26 16 15 27 29 17 12 5 19 23 28 33 23 20 7 23 27 40 24 23 8 35 17 3 5 4 22 1 18 5 21 24 11 3
2 20 174 28 39 27 36 26 4 21 32 24 20 25 29 12 30 19 11 23 7 14 10 29 11 3 30 18 8 1 11 17 11 9 12 7 20 15 8 20 37 11 24
3 20 170 29 22 28 15 3 38 9 10 2 13 5 25 22 40 20 12 26 19 11 16 21 2 27 11 25 40 15 23 23 15 4 12 16 3 12 39 18 7 24 32
4 20 167 29 14 5 9 17 19 16 38 25 7 14 1 27 15 23 23 11 16 1 39 28 7 3 33 26 20 7 16 22 38 24 25 21 24 10 7 12 27 13 38
5 20 175 26 11 28 19 29 26 22 13 27 1 16 6 25 29 15 37 3 33 9 4 24 17 17 11 21 1 6 25 14 20 11 27 12 29 19 34 4 9 23 32
6 20 169 27 33 29 20 11 19 15 4 4 1 28 35 24 32 18 27 9 27 2 40 17 35 21 20 23 25 10 8 5 39 20 19 13 38 25 9 16 9 22 20
7 20 176 21 23 27 17 29 27 8 11 28 29 23 16 2 29 22 30 12 40 25 25 24 3 5 38 15 1 17 7 16 21 26 38 7 1 9 38 19 40 18 13
8 20 185 28 6 21 23 27 25 3 18 20 21 16 39 9 17 29 32 24 32 23 36 19 6 25 25 26 21 22 13 10 10 13 30 18 11 15 31 17 17 6 2
9 20 189 28 7 25 9 23 38 29 3 24 18 19 39 27 38 16 15 7 1 9 23 13 39 17 29 21 38 8 19 14 5 20 6 18 31 26 11 22 15 12 5
10 20 180 18 30 19 26 25 19 10 38 4 27 21 25 29 20 23 21 15 18 28 31 20 14 26 18 27 12 6 10 17 30 16 8 8 7 14 17 22 31 12 2
11 20 170 16 33 27 5 26 21 28 5 3 4 25 35 23 2 12 21 29 4 6 22 15 39 24 23 8 14 14 23 22 29 11 7 2 5 20 9 13 40 17 19
12 20 166 26 35 29 2 5 8 22 39 11 6 25 36 27 5 24 13 1 39 9 5 18 8 21 11 19 24 10 20 16 29 15 12 2 34 4 32 20 34 28 21
13 20 181 14 30 23 10 1 32 28 35 29 19 26 5 25 1 24 38 21 19 10 6 27 1 19 1 20 3 18 22 16 35 17 1 13 15 15 13 9 27 8 21
14 20 188 28 2 23 7 29 25 3 3 10 11 26 19 25 40 22 37 16 27 27 39 18 34 19 15 7 29 20 27 24 27 12 19 17 4 15 20 21 2 14 1
15 20 174 11 13 27 22 26 6 24 2 17 2 28 38 3 26 29 30 13 8 23 6 15 16 18 16 14 33 4 19 21 3 5 6 22 40 20 14 12 30 16 15
16 20 168 20 3 23 20 29 2 22 18 5 9 24 37 15 25 8 27 27 3 3 7 17 7 28 10 25 17 7 4 9 37 21 31 26 7 13 16 4 6 11 25
17 20 177 2 6 18 38 5 28 29 6 28 36 7 22 20 1 26 4 21 33 27 19 24 28 11 33 19 11 13 9 25 11 22 38 16 20 6 22 23 18 12 39
18 20 175 29 3 16 23 26 12 22 30 25 23 28 1 3 3 23 13 27 29 20 24 14 35 13 20 24 15 5 7 7 30 18 3 19 15 17 13 9 6 6 38
19 20 175 29 27 23 29 21 16 26 13 27 27 28 17 12 4 11 39 17 36 18 31 14 34 7 23 24 15 20 38 16 22 10 27 22 36 1 20 19 14 6 20
20 20 166 7 4 28 4 25 23 11 33 21 16 29 32 10 4 19 7 23 24 18 8 22 12 14 15 13 37 1 32 20 6 12 12 27 5 4 12 26 4 3 10
21 20 170 27 39 29 7 22 38 28 7 14 30 23 33 21 29 24 35 18 17 16 6 25 1 3 20 15 34 4 32 20 18 17 12 9 31 13 36 11 4 1 18
22 20 178 27 19 24 4 21 39 29 36 26 27 1 32 5 28 23 24 14 25 16 31 9 37 18 12 28 9 17 18 8 18 22 31 25 18 13 1 19 15 12 14
23 20 172 26 17 23 11 14 17 24 24 19 14 15 11 27 14 28 30 29 17 25 8 2 18 22 27 3 17 9 34 20 1 17 14 10 21 6 16 5 34 21 38
24 20 169 5 26 12 30 3 31 28 30 11 26 29 18 27 12 24 5 15 23 21 16 26 33 25 15 23 31 8 35 1 18 19 22 10 12 20 14 14 27 18 7
25 20 177 25 35 12 33 27 9 18 31 29 14 9 12 21 8 28 11 22 6 7 12 24 19 23 17 26 19 11 22 19 19 16 18 1 21 20 17 14 24 3 13
26 20 158 29 31 7 17 28 9 8 25 9 23 27 21 6 35 17 7 10 25 11 34 26 4 23 14 14 3 3 15 25 33 15 27 22 18 19 14 2 21 16 36
27 20 174 27 32 1 16 29 26 21 3 28 26 17 22 26 39 19 17 11 11 13 37 3 26 10 9 12 17 14 17 23 38 16 29 25 29 18 13 20 6 15 36
28 20 174 26 15 24 24 29 16 19 15 22 39 8 10 28 16 21 2 27 31 15 19 23 34 10 14 5 2 12 2 25 27 9 27 2 13 16 29 20 27 7 16
29 20 180 25 38 29 20 28 7 27 15 16 39 13 22 26 37 4 29 15 9 22 32 18 31 10 34 24 26 20 28 11 30 14 36 23 33 8 20 21 8 6 35
30 20 164 3 35 13 31 7 35 29 37 16 37 24 31 1 36 11 26 28 16 17 24 20 38 26 8 27 13 12 2 25 34 9 20 6 14 22 37 18 32 14 14
31 20 177 27 11 24 22 12 12 21 24 18 27 29 17 20 23 6 32 28 25 1 12 22 12 25 37 13 3 16 39 23 2 17 30 2 31 14 14 26 22 11 35
32 20 177 24 37 11 32 27 35 29 40 12 16 17 38 28 6 18 6 25 18 10 2 26 37 22 17 4 25 15 3 16 34 1 6 20 39 23 16 7 23 19 29
33 20 168 28 26 11 20 19 16 13 25 29 32 16 33 22 5 26 27 6 6 27 14 18 20 23 31 12 4 7 10 17 23 1 31 2 20 10 19 25 12 24 12
34 20 182 21 10 29 1 27 15 25 4 18 31 10 27 28 1 14 19 12 1 17 29 2 14 3 25 16 23 24 34 19 7 22 16 26 11 20 25 23 10 8 19
35 20 187 8 5 16 37 27 35 20 32 21 3 15 36 19 34 14 37 26 15 22 11 29 29 11 14 17 3 25 27 28 28 10 15 23 27 13 26 7 8 24 4
36 20 171 29 32 28 31 24 29 26 40 22 38 15 25 16 35 12 17 25 35 27 7 20 40 8 7 21 5 23 40 17 33 6 12 11 4 3 35 7 39 2 31
37 20 169 26 18 27 31 25 40 17 36 28 23 20 8 9 4 12 2 29 40 15 10 3 25 24 25 16 10 14 31 7 20 13 37 4 23 22 24 5 39 23 32
38 20 170 23 23 5 15 7 39 18 22 15 40 12 35 20 12 28 7 19 16 27 11 24 15 17 34 4 6 29 37 10 25 22 21 21 25 25 26 11 15 3 36
39 20 166 26 17 4 34 8 38 17 29 1 5 28 29 25 36 21 22 29 40 20 21 16 19 27 17 7 11 2 40 18 22 13 16 22 26 23 10 10 34 15 2
40 20 182 29 3 17 25 14 2 26 7 27 29 8 29 25 31 18 38 22 25 28 9 19 5 23 20 11 26 7 25 20 27 9 34 16 17 15 3 24 38 6 8
41 20 167 23 30 28 21 19 40 22 19 26 25 12 2 25 28 1 28 20 4 29 9 4 32 9 2 15 32 14 37 16 22 18 29 27 4 13 9 6 15 8 4
42 20 181 28 32 24 17 26 27 27 15 25 31 19 37 18 35 29 26 3 39 20 31 13 15 21 34 17 28 23 10 15 21 22 33 2 37 7 9 12 11 11 8
43 20 173 1 13 27 4 5 33 23 12 26 11 7 14 21 38 24 2 20 38 25 27 12 32 14 13 19 21 29 7 18 19 28 8 8 6 13 10 17 19 9 12
44 20 171 23 30 2 28 27 19 3 24 19 11 8 40 24 29 13 18 17 13 14 3 22 26 26 7 29 27 21 7 25 26 28 39 15 34 1 38 10 20 16 29
45 20 175 25 19 24 9 28 20 8 36 16 8 14 34 27 8 29 14 17 14 22 38 6 13 7 16 19 13 23 15 4 34 13 29 21 17 18 5 20 31 10 33
46 20 166 20 12 16 12 24 18 7 24 29 16 17 35 26 12 10 6 6 24 12 26 27 28 19 31 21 39 18 3 28 7 3 22 15 10 23 13 11 30 1 16
47 20 177 22 27 21 25 27 19 25 33 8 30 28 14 20 22 3 4 29 18 6 25 23 2 10 2 26 34 16 24 7 36 17 37 24 7 18 39 14 9 11 34
48 20 172 4 16 29 17 26 37 28 35 27 1 25 19 14 7 10 19 11 37 13 32 22 40 3 16 23 27 21 30 15 26 7 8 5 31 20 13 17 33 24 35
49 20 170 29 26 27 25 26 26 25 32 21 1 23 23 28 12 12 28 4 30 2 37 7 2 17 31 19 17 24 23 1 21 13 30 15 27 22 37 20 29 6 17
