0 20 194 30 11 27 25 25 29 28 29 20 28 29 21 14 33 8 35 17 3 5 4 26 26 21 37 22 3 23 23 10 8 24 17 18 27 16 9 19 31 6 1
1 20 181 28 20 29 38 27 3 20 19 24 22 17 5 22 1 25 36 26 17 23 4 21 36 15 22 19 40 11 40 3 15 10 39 8 10 5 2 16 18 13 25
2 20 176 19 5 29 25 12 16 6 38 27 31 28 9 24 34 8 5 21 39 20 37 7 21 22 1 2 31 26 28 25 17 11 35 15 23 23 30 18 3 10 35
3 20 182 27 3 28 13 29 32 26 37 22 4 25 5 2 37 21 33 20 4 23 38 15 3 18 22 24 2 19 23 11 16 8 38 17 1 12 19 16 4 1 31
4 20 178 28 23 27 4 12 9 21 7 29 6 22 3 25 32 13 37 10 22 23 9 18 37 16 14 26 27 3 6 5 13 24 27 14 23 9 17 11 2 20 36
5 20 184 28 4 26 15 27 35 20 38 29 17 21 9 14 38 23 32 25 23 24 30 22 27 16 27 19 22 6 9 15 15 18 31 9 29 17 25 4 35 5 6
6 20 182 28 4 25 39 29 33 27 13 12 39 11 39 22 16 26 33 8 29 24 20 21 24 20 40 23 9 14 11 17 1 18 8 15 21 7 20 13 37 5 16
7 20 175 27 25 28 25 29 35 25 36 23 33 26 32 22 2 2 13 20 1 21 11 18 32 15 14 3 20 19 27 24 4 8 20 14 34 1 39 9 33 16 34
8 20 182 29 6 21 9 27 5 28 8 25 38 22 34 20 5 17 7 19 5 26 37 14 17 24 18 9 10 15 12 16 33 23 32 13 1 12 34 1 6 4 11
9 20 192 28 27 27 8 29 38 21 23 25 20 24 28 26 35 20 39 23 16 15 37 22 28 14 5 18 36 17 36 16 11 19 38 8 28 11 30 9 20 13 19
10 20 184 29 5 23 13 24 13 28 6 13 1 21 10 22 24 26 12 18 31 27 34 16 29 20 31 19 12 15 8 11 20 25 20 14 33 6 21 10 2 1 19
11 20 176 28 4 20 2 27 1 26 7 29 36 5 23 25 10 17 7 4 39 24 25 21 27 12 7 15 37 16 33 23 27 2 10 7 31 18 30 22 2 11 4
12 20 194 27 3 29 24 28 3 12 33 26 38 22 33 17 28 20 3 14 26 9 34 25 31 23 40 19 36 24 4 18 16 21 11 11 37 13 7 15 29 16 33
13 20 175 29 1 28 26 27 37 22 20 3 12 21 30 23 15 14 38 26 18 9 10 16 29 6 33 4 7 17 29 24 20 25 35 7 8 18 15 11 18 20 15
14 20 178 29 8 26 29 28 32 27 10 22 12 23 17 21 31 25 23 12 28 8 13 17 38 24 38 15 3 19 17 18 17 3 10 10 8 2 32 16 16 11 34
15 20 187 28 39 29 37 20 15 27 11 25 37 24 37 11 6 26 9 23 12 22 36 16 29 17 3 12 6 21 11 8 40 19 27 18 20 7 37 9 17 13 26
16 20 179 26 33 15 8 20 10 29 25 27 16 25 10 28 8 17 35 24 28 3 28 10 4 21 1 19 20 8 18 12 12 23 6 1 27 16 14 22 6 13 3
17 20 186 29 19 28 31 20 32 26 28 25 4 15 32 27 32 23 20 4 26 16 15 14 16 18 40 24 38 13 30 7 31 10 19 22 11 21 28 12 27 19 6
18 20 193 27 2 29 40 28 34 22 21 25 6 19 10 26 9 16 21 20 18 11 36 21 20 18 33 24 27 23 1 6 9 17 30 14 2 13 36 12 12 15 26
19 20 183 29 18 26 27 28 6 19 33 18 38 21 31 11 40 25 31 20 26 22 12 27 8 23 13 2 19 16 8 9 22 4 5 10 27 24 8 17 32 15 16
20 20 186 27 4 26 23 17 27 28 39 29 19 24 40 13 4 19 1 22 37 20 28 10 4 23 26 21 5 25 35 18 11 12 34 9 22 8 26 6 29 16 40
21 20 175 27 19 4 1 29 35 21 30 22 17 28 7 5 1 1 9 18 13 26 6 12 39 17 7 19 1 15 21 24 16 25 16 11 18 23 28 14 38 10 6
22 20 185 29 3 24 2 28 38 26 20 22 24 19 10 27 14 21 26 18 33 23 31 16 31 25 5 7 12 15 18 8 9 17 14 10 11 3 23 20 28 13 1
23 20 183 12 8 29 36 28 8 27 7 26 18 17 8 5 34 15 24 22 34 21 16 24 22 20 40 14 5 25 18 16 11 23 35 19 33 2 23 18 22 4 1
24 20 179 21 16 28 5 29 12 8 33 27 30 22 30 23 20 18 23 6 36 20 33 25 38 16 25 11 39 2 38 26 19 24 36 19 23 4 19 13 15 17 35
25 20 181 28 9 27 26 29 12 12 21 24 26 26 24 18 3 14 4 25 22 23 27 16 13 21 11 19 4 17 23 20 28 22 18 2 6 11 1 6 34 3 30
26 20 182 28 3 26 22 24 38 27 4 29 26 19 19 14 16 25 30 20 32 23 37 5 38 17 24 18 33 22 1 16 13 21 4 2 7 6 23 9 35 13 20
27 20 184 29 11 27 35 24 20 28 1 26 14 19 38 6 11 22 9 23 24 15 31 18 35 25 6 10 33 14 14 20 28 8 12 12 15 21 32 4 28 17 32
28 20 173 24 29 17 36 29 8 22 19 27 31 26 28 1 34 28 8 10 5 25 6 9 23 4 33 23 28 14 24 15 33 21 4 5 40 20 22 11 25 16 3
29 20 180 28 10 26 40 29 11 23 4 9 7 27 1 1 7 4 24 18 28 14 26 16 15 20 32 6 39 22 23 24 1 13 8 19 23 25 9 21 6 15 34
30 20 181 29 19 28 40 26 20 17 13 24 16 27 21 23 10 13 21 25 28 20 3 14 23 16 3 6 38 18 27 21 31 22 12 5 20 10 37 7 28 12 34
31 20 176 29 39 28 23 23 9 27 35 16 9 26 29 18 23 7 9 25 18 24 28 21 4 14 10 3 14 19 25 13 16 12 30 15 2 4 20 8 6 20 12
32 20 177 27 35 29 35 19 16 28 23 18 30 25 34 26 2 21 13 22 31 14 7 15 20 12 17 3 24 24 26 16 6 9 40 17 3 2 38 23 4 5 13
33 20 172 27 27 25 13 28 9 26 17 29 33 14 25 20 12 3 21 22 9 17 1 24 28 13 27 18 7 23 21 21 11 11 40 1 15 10 24 5 35 8 38
34 20 184 27 1 29 14 6 17 28 32 26 3 24 28 23 28 17 11 22 5 20 28 13 10 19 11 25 37 12 34 21 14 15 32 3 7 4 6 16 3 18 11
35 20 186 28 32 29 15 25 37 27 25 24 9 18 35 13 15 26 1 5 9 7 17 23 38 15 13 21 31 14 16 22 14 17 27 8 35 11 25 19 12 20 13
36 20 181 22 31 29 27 28 27 26 20 16 11 15 34 24 38 21 21 27 29 25 22 18 17 23 37 4 17 14 39 10 24 8 20 13 5 20 32 3 37 17 5
37 20 181 29 34 28 37 27 4 24 14 21 36 15 9 13 38 26 24 19 30 25 1 22 23 4 5 23 2 1 10 7 25 14 4 20 29 12 16 16 37 17 13
38 20 173 10 17 29 19 27 23 28 3 11 8 23 39 9 20 12 33 3 10 20 6 26 9 22 34 18 26 6 35 24 28 8 1 25 25 19 20 13 12 14 6
39 20 180 27 39 2 18 29 15 26 31 28 37 22 2 25 28 24 4 20 32 21 27 18 19 16 8 23 20 13 26 11 6 5 9 4 25 19 2 12 22 15 12
40 20 189 28 11 29 23 18 35 17 9 24 18 27 34 11 39 26 11 23 29 16 2 22 4 20 10 25 13 21 20 13 39 19 15 10 3 1 7 14 8 15 33
41 20 184 28 30 26 9 29 31 22 29 12 31 16 15 23 23 27 1 25 31 24 11 20 27 17 26 21 32 19 13 15 14 13 20 2 16 11 29 8 15 10 35
42 20 187 29 20 26 4 28 2 21 31 27 36 14 29 24 39 23 12 2 1 25 18 15 30 17 6 18 33 19 1 22 3 20 29 13 27 12 28 10 27 9 12
43 20 185 28 31 29 39 27 29 7 4 22 30 18 6 24 7 26 21 23 12 19 19 8 14 5 17 25 28 15 21 17 15 6 7 21 10 20 17 14 23 16 35
44 20 181 29 7 26 10 27 16 28 14 13 4 12 1 7 25 21 40 25 39 23 15 24 32 19 30 20 6 18 40 22 12 15 39 1 18 10 16 16 36 6 11
45 20 177 27 26 24 39 29 27 12 19 4 38 28 1 26 20 21 29 19 8 14 12 25 34 22 8 3 25 18 24 17 21 23 32 8 15 9 10 10 10 16 26
46 20 179 25 34 29 20 23 38 28 40 26 32 27 1 22 17 18 5 17 22 21 14 16 10 12 14 24 28 14 20 5 24 11 40 8 38 13 20 9 10 10 14
47 20 172 1 3 29 19 28 21 24 37 27 37 19 6 26 3 25 8 12 8 23 1 2 25 13 22 18 21 15 35 22 28 8 38 4 14 21 3 10 19 17 18
48 20 183 29 9 20 10 27 7 28 17 24 18 26 36 23 26 25 32 10 25 22 13 7 32 21 35 16 19 12 21 8 30 17 19 18 1 14 35 15 31 5 13
49 20 181 28 36 29 2 27 39 22 2 12 39 26 37 25 40 18 35 17 21 20 6 21 20 9 4 7 24 13 16 14 8 23 36 24 35 8 7 4 12 15 30
