0 20 147 14 15 21 6 5 24 22 27 24 16 28 15 18 21 13 27 10 12 9 32 11 5 8 21 26 6 3 4 23 4 1 11 12 9 20 3 25 33 2 14
1 20 182 4 15 14 16 27 36 25 11 29 16 11 5 30 11 16 22 28 38 19 29 17 23 9 31 26 2 22 12 5 17 20 11 13 5 18 18 21 40 10 5
2 20 163 16 39 26 31 21 15 7 21 5 40 19 7 25 11 23 37 22 6 18 30 3 4 4 15 6 3 27 28 14 19 28 29 24 3 20 27 17 15 2 30
3 20 149 14 32 29 39 3 36 22 28 13 21 10 38 8 11 2 16 4 3 21 17 17 31 20 24 9 6 18 35 25 37 24 9 15 9 28 5 11 27 6 6
4 20 166 29 10 27 40 5 14 22 11 3 36 21 40 19 2 15 20 1 40 2 4 25 26 18 24 26 19 28 15 10 16 12 32 17 2 24 31 16 39 13 35
5 20 151 1 10 5 18 20 28 24 20 15 35 9 16 27 25 17 8 16 11 22 19 2 36 28 19 12 32 29 26 7 39 11 39 8 4 6 16 19 13 25 17
6 20 169 25 39 13 24 20 17 22 10 28 13 17 5 9 28 1 14 10 5 26 28 15 4 21 19 27 37 18 10 3 18 29 37 14 20 24 25 11 14 6 34
7 20 149 27 20 2 40 17 25 19 23 9 36 29 36 7 4 10 5 28 33 14 1 24 22 13 13 5 9 23 28 11 1 3 16 6 35 21 11 8 23 22 32
8 20 135 20 15 27 1 29 29 16 14 4 5 5 8 19 10 11 9 7 23 23 30 13 27 1 35 10 32 24 24 3 40 2 22 12 22 21 25 8 40 15 18
9 20 146 4 5 7 34 16 12 6 20 17 40 9 35 5 21 1 3 29 23 12 8 25 10 26 28 15 8 11 2 28 20 27 6 19 28 10 35 24 18 2 32
10 20 135 6 31 4 39 9 14 23 39 1 36 21 10 13 16 28 24 3 12 25 7 26 17 20 40 8 2 2 4 7 14 18 30 10 5 29 30 12 19 5 2
11 20 147 14 27 25 17 15 5 29 25 7 33 13 11 12 18 2 21 24 17 26 37 1 4 21 21 23 19 19 2 18 24 5 18 3 12 16 17 4 7 17 4
12 20 161 18 26 2 20 4 32 28 4 6 20 27 11 14 32 25 40 8 5 24 40 26 40 5 17 29 11 12 38 20 37 1 18 13 11 22 28 16 25 23 18
13 20 161 29 2 18 5 28 13 21 37 17 3 6 40 12 1 11 3 26 6 14 16 24 36 10 28 4 21 27 36 22 16 9 35 1 26 19 21 23 30 2 12
14 20 150 4 16 25 22 19 39 21 32 1 17 7 34 24 30 6 34 26 30 5 1 8 34 23 3 22 28 2 2 28 33 12 30 9 20 29 1 27 39 3 37
15 20 176 24 8 3 26 26 25 18 21 14 16 22 5 28 17 23 2 10 27 4 14 25 12 19 3 16 3 17 8 20 8 27 37 9 16 6 36 12 18 29 11
16 20 150 28 6 6 15 29 30 20 18 8 35 1 27 2 40 23 1 11 30 22 3 21 4 16 14 26 12 7 9 18 33 5 27 9 29 12 12 13 37 24 16
17 20 159 27 32 23 13 9 21 1 10 3 6 20 17 16 8 19 37 17 3 28 9 26 24 22 31 11 28 14 26 15 36 29 11 25 35 5 10 2 9 7 20
18 20 142 1 15 21 1 25 2 22 9 18 3 13 17 15 27 2 7 9 36 26 17 11 26 3 28 12 16 24 5 8 36 5 33 14 6 7 2 29 9 19 16
19 20 154 10 5 27 18 7 34 22 32 11 22 13 28 20 34 26 36 6 29 19 25 3 24 8 37 28 17 5 4 24 27 15 21 29 22 9 9 2 19 25 38
20 20 161 19 10 11 36 9 25 28 24 21 30 14 21 18 36 13 16 23 6 24 19 29 26 25 7 16 22 12 14 17 22 3 19 1 37 26 36 10 20 4 40
21 20 173 23 11 27 3 19 11 16 8 28 24 21 26 24 2 20 12 1 22 22 5 26 19 7 10 29 38 13 25 15 13 9 35 12 21 6 31 4 3 25 40
22 20 137 1 5 29 23 3 29 21 39 15 23 11 31 22 35 14 1 9 4 2 23 8 37 5 6 12 29 13 2 6 30 25 38 23 15 27 9 24 37 4 12
23 20 147 14 5 26 28 28 12 13 31 19 33 8 9 3 22 9 26 29 25 17 18 15 11 7 17 10 34 24 36 12 28 6 13 5 13 1 40 27 8 21 15
24 20 154 23 25 19 23 28 25 20 28 18 40 16 3 9 40 2 21 27 3 25 16 13 18 4 16 7 10 21 19 12 33 11 20 24 32 10 1 5 33 14 17
25 20 167 29 40 1 22 23 40 27 2 16 14 19 4 6 33 15 23 26 35 13 16 9 37 28 38 24 12 25 27 3 8 11 24 18 1 14 24 20 32 8 28
26 20 166 22 9 29 29 6 32 7 11 3 25 14 36 15 34 4 4 1 3 23 17 18 7 21 35 26 26 19 27 24 32 25 29 28 1 20 40 16 3 12 33
27 20 129 24 22 1 17 5 9 7 32 4 39 17 19 16 38 19 7 12 7 28 34 6 25 13 33 20 24 14 1 3 8 9 7 2 13 27 23 10 15 21 31
28 20 161 17 31 23 23 29 22 26 22 24 22 28 25 8 19 16 16 18 34 11 27 7 31 22 20 15 1 10 23 14 20 20 13 1 39 5 34 19 31 9 40
29 20 177 26 27 29 6 28 7 20 5 3 2 7 34 21 28 5 9 10 37 23 4 19 22 15 7 12 9 18 12 27 36 25 34 16 37 13 15 14 6 24 32
30 20 160 23 21 26 33 8 30 25 24 4 34 10 39 6 3 18 36 27 23 19 17 28 39 5 31 7 16 21 1 9 15 14 31 12 21 13 19 29 38 17 11
31 20 133 18 6 19 5 5 35 23 22 4 3 13 40 10 38 26 33 16 33 12 28 24 31 11 11 27 22 1 32 3 17 17 11 15 36 2 27 14 9 7 33
32 20 152 14 40 8 31 23 31 11 11 20 5 19 38 29 30 3 9 12 30 5 9 13 38 24 3 9 24 18 6 22 23 10 11 27 7 15 3 16 24 6 35
33 20 157 9 9 23 31 25 11 29 35 21 20 8 38 22 26 27 39 19 29 16 24 2 16 18 5 13 37 6 30 7 3 3 1 5 38 11 17 24 28 26 4
34 20 147 1 22 8 14 5 13 26 19 9 13 20 21 28 34 17 15 13 25 4 11 19 2 3 26 29 2 23 20 6 36 14 10 27 33 24 16 7 29 11 2
35 20 163 26 9 21 23 14 18 7 22 5 13 23 4 18 14 3 4 16 13 22 35 27 31 15 27 24 1 20 25 25 25 10 8 28 39 1 13 4 8 17 29
36 20 184 8 23 26 19 5 15 28 7 7 26 23 7 27 1 12 21 17 38 13 32 21 15 25 7 29 12 16 16 24 13 18 3 22 15 14 19 19 9 15 37
37 20 149 27 34 14 29 3 33 19 21 28 37 26 13 15 7 25 26 9 22 1 12 17 30 16 37 5 3 18 12 4 18 8 27 24 17 20 27 12 33 7 21
38 20 161 12 1 16 10 29 40 24 21 18 35 5 15 22 36 25 10 7 35 27 23 11 28 26 40 2 23 17 11 6 35 23 12 1 12 20 26 10 12 21 1
39 20 161 1 34 23 28 29 33 25 34 18 19 6 25 20 23 27 35 3 33 15 6 21 9 22 8 28 31 16 27 24 18 7 10 13 4 9 40 12 33 4 15
40 20 162 24 16 3 16 1 6 10 23 12 15 19 3 18 13 22 27 2 14 15 23 27 29 8 17 21 40 23 36 29 26 11 7 26 28 28 35 9 12 16 32
41 20 162 5 37 29 11 3 8 9 12 25 6 12 18 15 38 20 34 18 4 26 19 23 32 27 33 24 10 1 39 19 6 13 32 11 35 10 7 21 1 14 26
42 20 145 1 34 29 13 21 2 24 36 7 18 20 7 22 29 26 22 15 4 18 32 11 23 9 21 23 26 16 25 2 33 17 23 8 36 10 23 5 13 6 23
43 20 149 23 28 25 3 4 3 18 20 14 16 8 6 10 21 26 25 11 29 3 29 20 31 29 12 17 4 5 9 2 22 19 11 15 31 27 8 1 37 22 11
44 20 180 26 34 18 13 27 17 28 23 25 7 17 38 2 33 19 34 16 10 24 40 21 4 29 33 22 34 23 14 3 7 15 2 14 36 11 13 12 23 8 39
45 20 155 22 24 28 25 29 18 13 5 24 32 27 14 2 23 25 25 17 35 15 19 16 17 3 23 9 34 4 35 12 14 11 3 19 36 26 24 1 10 8 2
46 20 169 20 18 23 25 9 16 18 10 15 21 28 20 14 39 25 32 21 4 5 30 24 34 12 13 4 33 22 20 29 25 26 30 6 5 17 36 13 22 8 29
47 20 141 28 4 10 38 23 17 14 31 5 10 18 33 16 8 29 18 7 23 24 35 4 29 1 40 3 17 13 26 9 1 22 37 8 32 12 20 15 19 21 5
48 20 162 20 20 8 32 6 17 9 28 7 8 27 4 19 1 15 4 14 9 23 18 24 12 13 37 10 2 21 2 22 17 29 38 16 9 11 26 25 18 5 36
49 20 157 15 38 25 11 29 29 20 35 10 36 9 3 7 24 4 20 27 14 26 6 16 32 13 2 18 4 22 11 1 9 14 19 2 18 12 30 21 23 23 7
