0 20 2857 205 16 67 22 86 18 477 28 337 21 163 40 342 19 377 40 229 10 430 7 454 32 74 6 129 40 148 27 469 26 433 9 145 4 382 6 509 26 258 6
1 20 2226 478 36 285 28 182 30 283 2 375 32 56 37 423 34 194 16 209 29 138 21 158 19 326 7 46 11 20 26 29 29 506 16 148 5 366 9 71 15 159 7
2 20 2729 319 35 181 40 157 36 144 17 358 4 143 8 121 21 461 36 464 6 344 5 365 9 412 40 126 33 296 28 16 38 466 14 417 15 269 13 354 28 45 39
3 20 2010 207 35 102 24 119 18 131 31 40 34 299 4 298 14 403 39 463 34 107 6 127 4 31 18 55 11 36 2 136 10 160 10 336 7 441 25 105 7 424 2
4 20 2665 297 35 364 6 205 18 444 14 380 1 5 40 195 35 121 17 126 20 202 13 390 34 70 37 336 38 85 1 508 13 506 36 311 21 274 28 119 37 393 26
5 20 2698 102 29 425 32 432 26 33 13 189 10 305 26 83 6 278 35 372 35 347 39 359 28 147 5 185 20 160 39 112 25 288 37 437 33 509 28 234 21 400 6
6 20 2484 262 16 488 33 54 5 251 17 103 13 279 37 424 33 106 32 332 33 398 20 305 38 144 22 374 28 73 23 168 1 4 38 152 3 205 8 512 5 334 36
7 20 3104 396 35 507 36 388 19 128 20 488 19 445 29 202 2 10 6 234 32 509 2 108 10 346 14 175 6 317 14 155 11 257 14 421 28 345 32 342 8 435 37
8 20 2790 18 23 466 36 16 27 49 18 67 13 443 22 471 36 259 37 314 40 307 36 202 3 505 6 302 9 405 27 297 23 448 26 182 33 21 13 363 21 446 29
9 20 2508 114 1 90 40 140 37 204 21 412 30 408 37 49 16 210 14 225 22 481 25 428 40 322 1 304 15 294 2 411 27 71 12 91 24 83 7 508 39 171 7
10 20 2811 284 27 507 4 466 28 170 2 305 34 186 13 41 20 317 16 338 10 497 12 325 31 248 7 215 34 133 26 104 16 105 4 370 19 207 27 303 8 501 7
11 20 2570 1 38 315 33 169 16 384 34 217 9 230 5 423 21 444 5 294 40 335 38 367 7 273 8 25 31 35 15 343 7 422 39 196 32 365 7 255 30 48 23
12 20 2758 75 20 22 7 7 10 333 23 480 10 437 38 490 37 431 24 183 21 286 21 154 13 400 34 500 12 208 34 98 15 353 28 331 22 211 1 31 15 487 8
13 20 2458 332 12 225 32 298 16 150 39 454 26 184 2 241 17 45 5 257 14 78 23 126 25 329 35 459 10 506 1 48 32 224 19 347 32 346 5 104 15 163 37
14 20 2824 336 26 102 33 395 2 45 11 431 26 137 29 370 34 31 5 107 32 293 10 503 5 21 10 452 38 470 35 349 8 87 4 465 12 236 27 333 8 485 28
15 20 2594 401 22 296 27 63 22 169 14 355 34 340 15 342 37 299 12 122 37 32 17 428 11 194 31 439 28 436 30 1 23 95 38 470 1 172 11 415 20 120 33
16 20 2424 149 4 104 27 112 10 174 2 230 5 474 25 407 11 248 29 183 19 27 15 345 33 292 22 473 31 72 39 290 8 119 22 139 38 416 34 111 37 483 13
17 20 2981 281 37 485 32 87 4 508 37 390 30 451 14 142 38 11 38 180 19 476 29 274 19 395 20 304 2 149 15 375 40 243 23 52 7 318 34 435 26 407 16
18 20 2429 335 25 22 21 63 16 66 2 114 38 199 11 112 25 286 15 378 35 317 16 42 31 383 21 262 4 230 32 501 36 495 28 469 36 288 35 36 9 260 37
19 20 2857 382 10 24 5 26 21 396 12 231 24 131 32 247 17 364 4 189 26 179 33 205 33 500 33 165 19 200 28 439 12 497 16 371 22 410 24 361 5 398 8
20 20 2360 431 14 294 40 9 9 108 2 467 4 295 28 272 15 280 34 122 23 149 40 314 30 173 3 328 4 459 4 225 26 35 38 288 18 391 8 61 16 19 24
21 20 2392 262 14 103 5 413 25 326 27 285 29 180 10 291 32 4 27 179 22 222 12 456 8 273 39 209 15 294 5 119 32 101 12 445 11 72 9 339 37 211 16
22 20 2164 257 39 17 4 230 21 142 9 482 11 300 1 107 20 143 35 211 37 72 9 236 12 196 17 374 20 1 9 152 12 312 33 90 24 444 15 348 9 215 30
23 20 2411 435 2 230 21 62 21 344 32 297 39 88 20 74 3 188 23 38 13 135 30 400 38 86 17 262 1 295 9 89 14 414 19 511 20 40 12 504 7 331 32
24 20 2560 285 26 307 6 189 7 292 2 171 3 415 34 360 36 34 37 4 32 206 36 325 35 103 4 238 38 383 29 12 2 296 27 311 37 295 21 432 1 463 10
25 20 2540 423 24 194 19 41 30 414 8 507 34 181 22 96 8 339 37 374 16 248 15 59 23 170 9 171 40 149 18 472 19 436 23 106 13 281 10 418 38 2 21
26 20 2394 175 14 2 22 173 12 506 26 395 33 97 6 271 18 310 17 217 27 19 9 45 14 47 31 58 7 296 3 508 1 375 19 478 8 440 26 204 2 172 30
27 20 2497 162 36 27 33 21 33 361 21 283 35 413 7 320 35 477 17 273 21 340 37 45 26 439 27 66 38 148 29 287 15 354 17 74 37 369 6 205 9 331 31
28 20 1988 84 39 301 35 178 26 268 18 14 15 206 10 296 12 68 17 498 40 117 40 22 15 208 8 339 16 189 23 281 23 5 12 238 1 254 39 58 9 352 15
29 20 2269 103 14 129 7 177 4 247 18 411 12 434 1 322 25 16 20 193 4 178 9 211 6 324 40 486 17 350 24 74 37 102 32 234 14 62 11 426 5 60 12
30 20 2364 160 5 244 25 110 35 116 22 463 5 262 17 474 1 96 7 137 5 478 34 121 28 386 27 297 15 253 2 243 24 22 18 293 1 370 10 12 5 191 34
31 20 2310 265 4 122 2 12 17 161 12 149 38 358 5 193 23 111 2 165 19 187 40 163 40 297 31 473 11 344 28 127 14 445 8 54 9 484 38 119 10 391 20
32 20 1904 174 7 194 29 48 15 135 3 254 9 442 22 239 26 192 14 373 39 91 25 198 27 358 6 22 35 55 5 20 5 104 34 3 10 478 19 144 20 285 29
33 20 3469 397 38 434 11 104 18 193 28 432 35 269 5 334 2 418 3 229 8 495 24 404 23 441 23 384 30 457 7 506 37 411 22 442 20 33 37 192 21 364 35
34 20 2154 265 8 296 18 386 10 94 9 121 30 237 31 270 27 78 20 75 20 157 7 502 2 232 17 33 25 254 25 261 1 187 21 73 18 390 10 107 36 290 19
35 20 2539 313 22 433 14 144 22 233 18 89 13 8 30 422 40 399 31 504 36 167 12 244 25 264 36 322 13 261 4 112 7 143 24 52 23 494 28 61 22 413 29
36 20 2773 91 13 227 32 148 1 454 27 252 28 390 31 460 21 299 29 281 15 185 1 85 7 304 1 389 5 332 25 499 24 86 37 140 24 76 39 424 34 425 11
37 20 2084 125 14 145 17 442 19 341 19 490 29 91 6 339 26 198 8 167 25 152 1 249 37 229 28 36 16 163 35 321 3 109 22 377 38 6 2 184 26 4 1
38 20 2777 359 22 223 33 488 4 400 22 437 24 294 21 276 10 48 32 313 26 258 26 285 15 55 5 108 28 454 11 405 18 452 11 39 2 436 30 69 27 155 9
39 20 2932 362 24 165 22 457 29 437 18 422 22 379 34 36 33 342 31 492 36 434 8 229 37 123 27 22 6 281 18 368 27 83 34 371 7 343 35 459 19 60 1
40 20 2376 448 38 50 12 358 24 114 25 163 27 209 7 407 3 145 4 376 1 6 31 348 8 206 14 278 16 281 8 68 33 480 9 186 3 351 33 52 7 227 23
41 20 2984 383 1 493 33 250 1 64 18 414 23 509 13 230 10 322 36 210 18 27 37 226 18 269 20 444 27 476 8 282 7 70 24 295 18 353 24 458 8 194 15
42 20 2831 198 30 347 20 392 5 423 17 246 1 365 16 443 9 371 22 228 30 357 21 12 2 148 27 476 20 338 21 404 3 268 1 209 22 4 24 258 26 176 32
43 20 2970 363 4 463 29 148 25 154 39 142 31 371 34 424 23 460 3 506 21 296 5 304 11 486 8 152 9 87 2 403 22 401 5 289 23 33 28 159 26 299 36
44 20 2653 184 5 453 40 163 8 482 5 173 9 41 4 315 38 475 35 503 25 364 33 310 4 133 22 90 13 9 16 350 35 35 38 464 32 117 10 375 22 270 19
45 20 2611 351 15 510 33 324 24 107 10 8 6 194 37 209 22 402 26 490 19 33 16 205 36 349 36 43 1 270 25 38 3 452 4 337 17 29 13 409 15 462 24
46 20 2076 93 16 221 21 469 38 87 23 8 31 262 13 186 34 368 4 50 37 133 39 152 16 475 8 503 20 416 37 74 32 217 9 28 22 173 1 92 19 145 10
47 20 2315 368 21 396 33 212 23 2 17 243 9 488 10 51 15 322 33 75 33 165 20 32 30 364 27 387 16 196 22 131 28 175 26 184 2 451 11 169 20 219 19
48 20 2538 28 34 213 30 145 14 118 19 246 35 366 22 152 9 336 18 240 19 503 10 358 13 356 29 223 38 424 31 233 26 289 5 324 29 338 12 10 8 174 40
49 20 2605 226 11 21 1 243 12 402 34 375 40 340 12 44 31 249 18 476 40 144 4 289 17 456 20 421 26 55 7 225 4 174 18 254 10 314 24 37 19 466 35
