2300
2356
2443
2443
2572
2443
2628
2638
2508
2580
2727
2727
2881
2955
2770
2683
2683
2720
2720
2592
2608
2608
2534
2625
2591
2537
2751
2785
2748
2748
2642
2729
2766
2750
2527
2633
2633
2623
2782
2754
2808
2938
3025
2991
2991
3048
3048
2957
2870
2870
2870
2870
2999
2999
2798
2742
2742
2742
2927
2927
3014
2942
2976
3050
3024
3024
3024
3024
3225
3071
3071
3225
3419
3419
3409
3409
3409
3372
3372
3372
3177
3177
3177
3177
3177
3214
3214
3214
3214
3214
3214
3127
3127
3255
3283
3309
3309
3108
3108
3108
3124
3124
3124
3124
3124
3124
3124
3134
3134
3080
3096
3096
3096
3096
3096
3039
3111
3111
3095
2941
2913
2913
3017
2889
2889
2889
2899
3122
3122
3050
3050
3141
3141
3104
3104
3104
3191
3228
3228
3228
3228
3228
3256
3256
3246
3116
3116
3270
3270
3152
3152
2938
2938
2954
2954
3010
2954
2954
2954
2954
2954
2926
2982
2982
2982
2982
2759
2954
2954
2954
2954
2954
2954
2807
2773
2773
2717
2717
2789
2789
2789
2789
2789
2559
2559
2789
2789
2779
3002
2965
2949
3008
3008
3008
3008
3008
3008
3008
3045
3019
2947
3161
3161
3161
3161
3161
3161
3161
3279
3279
3279
3279
3279
3279
3205
3205
3189
3189
3189
3205
3221
3422
3448
3448
3448
3448
3482
3482
3482
3395
3469
3469
3469
3469
3469
3469
3469
3453
3463
3463
3463
3517
3517
3517
3501
3501
3501
3501
3501
3501
3501
3631
3631
3577
3577
3503
3503
3503
3503
3650
3650
3650
3650
3651
3651
3625
3625
3651
3651
3651
3651
3650
3650
3704
3678
3678
3678
3678
3734
3762
3762
3762
3836
3852
3852
3852
3852
3852
3852
3852
3815
3815
3815
3815
3852
3852
3852
3852
3793
3793
3809
3809
3753
3753
3753
3753
3753
3743
3743
3743
3727
3727
3653
3619
3747
3804
3804
3804
3830
3830
3830
3830
3830
3830
3830
3830
3902
3902
3902
3902
3902
3902
3902
3902
3902
3815
3902
3902
3902
3902
3902
3902
3902
3902
3902
3902
3902
3902
3902
3902
3902
3902
3902
3902
3902
3902
3902
3902
3902
3902
3902
3902
3865
3811
3812
3812
3812
3812
3725
3725
3779
3779
3779
3779
3779
3853
3853
3853
3853
3853
3852
3778
3724
3724
3725
3709
3796
3796
3796
3796
3796
3796
3796
3796
3796
3796
3806
3862
3862
3862
3862
3862
3862
3805
3805
3795
3795
3829
3829
3829
3829
3829
3829
3829
3845
3845
3845
3845
3845
3899
3899
3899
3915
3915
3915
3915
3915
3915
3915
3915
3811
3811
3783
3783
3783
3783
3783
3767
3767
3766
3766
3823
3833
3833
3833
3907
3907
3907
3907
3907
3907
3907
3907
3907
3907
3907
3907
3907
3907
3891
3891
3891
3891
3891
3919
3919
3919
3919
3919
3845
3845
3845
3845
3845
3845
3845
3845
3845
3845
3845
3845
3845
3845
3845
3845
3845
3845
3845
3845
3789
3789
3789
3789
3789
3789
3789
3863
3863
3863
3863
3853
3854
3854
3854
3854
3854
3854
3854
3854
3854
3854
3854
3854
3854
3854
3854
3854
3854
3854
3854
3854
3854
3853
3853
3853
3909
3909
3909
3909
3909
3909
3909
3909
3909
3909
3909
3909
3909
3909
3968
3968
3968
3968
3968
3968
3968
3968
3968
3968
3968
3968
3968
3968
3968
3968
3968
3968
3968
3968
3968
3968
3968
3968
3968
3968
3968
3968
3968
3968
3968
3968
3968
3968
3968
3968
3968
3968
3968
3968
3942
3942
3942
3942
3942
3942
3942
3942
3942
3942
3942
3968
3968
3968
3968
3968
3968
3968
3968
3968
3968
3968
3968
3968
3968
3968
3968
3968
3968
3968
3942
3942
3942
3942
3942
3942
3942
3942
3942
3942
3942
4046
4046
4046
4046
4046
4046
4046
4046
4046
4046
4046
4046
4046
4046
4046
4046
4046
4046
4046
4046
4046
