1715
1725
1853
1940
2120
2120
2267
2497
2497
2497
2698
2857
2841
2867
2867
2780
2871
3056
2965
2965
2965
2965
2937
2757
2628
2469
2575
2488
2516
2739
2739
2739
2793
2687
2615
2615
2702
2774
2903
2903
2903
3062
3008
3099
3109
3109
3109
3109
2879
2879
2879
3009
2855
2725
2782
2782
2782
2782
2836
3016
2959
2905
2905
3148
3278
3278
3337
3337
3337
3250
3266
3240
3240
3240
3240
3240
3240
3240
3206
3260
3260
3334
3334
3334
3334
3205
3205
3205
3205
3205
3205
3205
3205
3292
3255
3255
3255
3255
3289
3289
3289
3130
3120
3066
3007
2933
3163
3033
3033
3033
2977
3051
3051
3051
3017
2794
2794
2810
2682
2682
2682
2610
2644
2553
2537
2509
2596
2725
2726
2856
2856
2872
2785
2839
2805
2805
2842
2996
2942
2942
2942
2942
2942
2968
2968
2968
3055
3054
2980
2943
2917
2917
2813
2813
2919
2993
2993
3019
2890
2689
2529
2529
2586
2586
2677
2733
2733
2733
2733
2733
2892
3093
3211
3211
3315
3315
3315
3228
3228
3356
3356
3428
3428
3428
3356
3390
3284
3390
3390
3243
3243
3243
3243
3243
3243
3243
3243
3243
3243
3243
3243
3227
3227
3153
3153
3282
3282
3282
3225
3284
3284
3284
3507
3506
3506
3653
3653
3627
3643
3643
3643
3643
3643
3730
3730
3730
3784
3784
3858
3842
3619
3619
3619
3619
3619
3619
3691
3691
3691
3691
3691
3691
3691
3691
3719
3719
3719
3719
3572
3572
3572
3572
3572
3572
3572
3572
3572
3371
3371
3297
3297
3297
3138
3138
3138
3138
3339
3285
3251
3474
3474
3475
3475
3321
3321
3481
3471
3545
3545
3545
3545
3555
3555
3555
3555
3555
3609
3609
3609
3609
3609
3481
3481
3497
3497
3497
3497
3497
3497
3497
3497
3497
3497
3497
3497
3644
3644
3644
3644
3484
3468
3468
3628
3756
3728
3728
3728
3728
3754
3754
3754
3754
3754
3738
3738
3738
3738
3738
3738
3738
3737
3678
3678
3706
3706
3706
3716
3716
3716
3716
3716
3750
3663
3663
3653
3653
3653
3625
3625
3625
3684
3721
3721
3721
3684
3684
3771
3771
3787
3787
3787
3787
3787
3787
3787
3761
3745
3745
3745
3745
3761
3761
3761
3761
3761
3761
3761
3761
3761
3761
3761
3761
3761
3761
3761
3761
3761
3761
3761
3761
3761
3761
3761
3707
3707
3707
3707
3707
3707
3707
3761
3777
3777
3777
3777
3777
3777
3777
3777
3777
3777
3743
3743
3902
3902
3902
3902
3902
3902
3892
3892
3892
3892
3892
3892
3892
3892
3892
3902
3902
3902
3902
3902
3902
3902
3902
3902
3902
3902
3902
3902
3902
3930
3930
3930
3930
3914
3914
3914
3914
3914
3948
3948
3948
3948
3948
3948
3948
3948
3948
3948
3948
3948
3948
3948
3948
3948
3948
3948
3948
3948
3948
3948
3948
3948
3948
3948
3948
3948
3920
3920
3920
3920
3920
3920
3920
3920
3920
3920
3920
3920
3920
3920
3920
3920
3920
3948
3844
3870
3870
3870
3870
3870
3870
3870
3844
3844
3844
3844
3844
3844
3844
3844
3844
3844
3844
3844
3948
3948
3948
3948
3948
3948
3948
3948
3948
3948
3948
3948
3938
3922
3923
3923
3923
3922
3922
3922
3922
3922
3923
3923
3923
3923
3923
3923
3923
3923
3923
3923
3923
3923
3923
3923
3923
3923
3923
3923
3923
3923
3923
3923
3923
3923
3923
3923
3923
3923
3923
3923
3923
3923
3922
3922
3922
3922
3922
3979
3979
3979
3979
3979
3979
3979
3979
3979
3979
3979
3979
3888
3888
3888
3888
3860
3860
3860
3860
3886
3886
3886
3886
3886
3886
3886
3902
3902
3902
3902
3902
3902
3902
3902
3902
3902
3902
3902
3930
3930
3930
3930
3930
3930
3930
3930
3930
3930
3930
3930
3930
3930
3930
3930
3930
3930
3930
3930
3930
3930
3930
