2098
1897
2098
2041
2097
2107
2107
2194
2138
1924
1818
1817
2002
2002
2003
2003
1993
1993
1993
2111
1931
1941
2175
2088
2078
1931
2035
2061
2045
2045
2268
2355
2355
2550
2391
2550
2697
2697
2697
2697
2707
2697
2697
2911
2824
2601
2601
2601
2601
2601
2585
2584
2558
2558
2788
2729
2638
2648
2648
2754
2720
2746
2692
2915
2915
2915
2916
3076
3150
3279
3338
3338
3234
3234
3234
3234
3234
3160
3160
3160
3160
3160
3160
3159
3175
3116
3203
3203
3043
3043
3077
3077
3077
3151
3151
3141
3245
3245
3301
3301
3431
3431
3431
3431
3431
3301
3245
3336
3336
3336
3336
3336
3336
3393
3302
3302
3361
3377
3377
3318
3231
3231
3232
3232
3232
3232
3198
3198
3003
3003
3003
3003
3133
3133
3132
3132
3116
3088
3283
3293
3309
3309
3489
3489
3545
3535
3535
3535
3509
3546
3580
3580
3580
3450
3450
3537
3537
3537
3537
3537
3537
3536
3536
3536
3536
3536
3536
3562
3562
3562
3552
3553
3553
3553
3553
3552
3553
3553
3553
3553
3553
3553
3553
3537
3553
3553
3552
3423
3451
3414
3380
3380
3380
3380
3390
3519
3519
3553
3537
3537
3537
3537
3537
3574
3574
3574
3537
3503
3503
3540
3422
3513
3513
3513
3513
3513
3513
3513
3567
3567
3567
3567
3577
3567
3567
3513
3513
3513
3513
3456
3456
3456
3466
3466
3523
3523
3523
3513
3513
3513
3513
3643
3659
3659
3659
3659
3659
3659
3659
3659
3659
3643
3617
3617
3651
3651
3651
3651
3705
3705
3705
3705
3689
3705
3705
3705
3705
3705
3705
3668
3668
3614
3614
3614
3614
3557
3558
3615
3615
3615
3631
3631
3621
3621
3621
3620
3620
3620
3620
3657
3657
3657
3657
3775
3775
3775
3775
3775
3775
3775
3775
3775
3775
3775
3775
3775
3775
3775
3775
3775
3775
3775
3775
3775
3775
3775
3775
3775
3775
3775
3759
3759
3759
3668
3668
3668
3684
3684
3684
3684
3684
3684
3684
3684
3647
3647
3647
3647
3647
3648
3648
3648
3592
3592
3592
3564
3564
3564
3564
3530
3530
3530
3530
3530
3556
3556
3556
3557
3557
3557
3557
3557
3557
3557
3557
3557
3557
3557
3557
3557
3541
3541
3541
3632
3632
3632
3606
3606
3590
3590
3590
3590
3589
3605
3659
3819
3819
3819
3819
3819
3819
3819
3819
3819
3847
3847
3847
3847
3847
3773
3773
3773
3773
3799
3799
3799
3799
3799
3799
3799
3799
3799
3799
3799
3745
3745
3745
3744
3760
3760
3760
3760
3760
3760
3760
3760
3760
3760
3760
3760
3760
3760
3760
3744
3744
3744
3781
3781
3781
3781
3765
3765
3799
3799
3799
3799
3799
3799
3799
3799
3799
3799
3799
3799
3799
3855
3855
3855
3855
3855
3855
3855
3855
3855
3855
3855
3855
3855
3855
3855
3818
3877
3877
3877
3877
3877
3877
3877
3877
3877
3877
3877
3877
3877
3877
3877
3877
3877
3877
3877
3877
3877
3951
3951
3951
3951
3923
3923
3923
3923
3897
3925
3925
3925
3925
3925
3925
3925
3979
3979
3979
3979
3979
3979
3979
3979
3979
3979
3979
3979
3979
3979
3979
3979
3979
3979
3979
3979
3979
3979
3979
3979
3979
3979
3979
3979
3951
3951
3951
3951
3951
3951
3951
3951
3951
3979
3979
3979
3979
3979
3979
3979
3979
3979
3979
3979
3979
3979
3979
3979
3979
3979
3979
3979
3979
3979
3979
4005
4005
4005
4005
4005
4005
4005
4005
4005
4005
4005
4005
4005
4005
4005
4005
4005
4005
4005
4005
4005
4005
4005
4005
4005
4005
4005
4005
4005
4005
4005
4005
4005
4005
4005
4005
4005
4005
4005
4005
4005
4005
4005
4005
4005
4005
4005
4005
4005
4005
4005
4005
4005
4005
4005
4005
4005
4005
4005
4005
4005
4005
4005
3971
3971
3971
3971
3971
3987
3987
3987
