0 20 164 11 328 7 222 6 10 5 28 13 133 30 342 9 377 20 229 24 159 22 74 1 80 26 99 27 330 25 161 21 500 2 230 23 346 28 182 12 375 16 209
1 20 151 19 138 1 158 9 326 7 46 24 42 29 277 13 506 16 148 5 366 25 159 10 157 6 144 28 308 23 416 21 461 14 502 4 229 20 126 18 454 11 71
2 20 157 4 474 25 404 24 198 9 463 14 107 6 127 1 31 18 55 11 36 22 136 20 160 28 487 15 385 29 511 12 297 26 205 17 440 3 35 7 126 23 390
3 20 172 4 70 17 336 18 85 21 508 23 506 16 311 28 119 6 102 29 425 22 432 3 189 10 305 26 83 12 419 24 363 25 367 7 340 15 185 20 160 19 112
4 20 143 25 288 17 437 3 509 18 234 21 400 16 262 6 488 13 54 15 251 27 103 12 425 2 265 9 174 8 230 19 95 28 473 10 430 5 334 26 396 7 308
5 20 148 18 91 8 140 10 59 19 149 6 162 22 104 3 194 28 86 23 38 24 155 11 257 4 421 9 296 13 317 16 220 26 475 1 250 29 45 12 471 15 133
6 20 147 4 64 3 468 10 51 9 110 29 131 26 314 18 401 1 197 19 69 22 429 20 72 28 349 27 49 6 210 7 102 23 9 14 416 12 97 5 294 11 231
7 20 142 22 287 9 407 7 507 4 466 18 170 2 305 14 186 13 41 20 317 26 338 10 497 12 325 1 248 17 215 25 210 5 388 24 99 27 303 8 501 21 174
8 20 137 29 41 9 120 24 217 6 29 1 444 5 294 20 335 28 367 27 273 8 25 11 35 15 343 17 422 22 384 14 111 3 146 23 480 7 431 4 183 2 117
9 20 147 16 378 28 252 10 242 22 255 7 172 12 211 1 7 9 407 15 248 14 380 26 150 29 454 2 241 21 493 23 126 13 154 20 379 5 104 3 45 19 139
10 20 140 5 122 15 45 22 466 23 317 12 293 10 503 29 338 26 366 4 43 25 120 11 172 13 188 18 347 3 280 27 252 8 259 17 326 9 322 2 122 1 194
11 20 144 11 439 18 436 15 175 5 110 20 353 26 283 23 340 6 257 13 460 8 491 10 402 22 230 27 155 16 333 9 171 29 183 3 292 25 463 2 375 1 438
12 20 153 23 222 8 250 17 77 15 341 13 445 19 176 27 220 2 22 3 222 14 230 25 102 28 83 29 274 9 395 10 304 12 149 16 215 4 138 26 407 7 345
13 20 167 20 477 5 32 2 114 28 199 11 112 12 415 16 435 21 240 24 47 9 93 10 188 4 184 26 495 6 288 25 36 29 260 27 382 15 26 22 231 23 82
14 20 131 17 177 1 161 10 161 19 179 4 116 22 497 26 371 12 410 24 361 15 398 8 431 14 432 5 289 2 467 3 116 6 455 13 149 9 99 25 506 27 382
15 20 142 18 391 28 61 26 19 4 262 14 103 5 413 25 326 27 285 9 180 10 291 22 4 15 462 20 404 8 273 19 209 3 312 21 380 7 397 2 21 1 107
16 20 138 19 315 7 437 2 329 22 196 17 374 10 1 6 212 3 90 24 444 25 348 9 215 20 435 12 230 11 62 1 344 23 188 13 38 4 446 27 262 21 97
17 20 133 9 510 18 11 27 132 10 60 22 383 15 288 16 307 7 292 2 171 13 415 14 360 8 328 6 92 4 238 17 229 20 296 23 141 21 432 11 463 3 8
18 20 139 4 411 15 302 26 368 7 506 5 102 10 504 27 237 24 56 12 63 13 170 19 171 20 149 18 472 9 436 3 106 23 281 8 2 1 175 14 2 21 340
19 20 153 20 34 9 241 23 454 27 266 16 441 29 459 5 177 17 454 1 58 12 475 4 297 15 171 28 440 22 434 6 268 3 21 13 361 21 283 11 327 25 477
20 20 156 7 273 11 340 17 45 6 439 27 66 8 148 9 287 25 354 22 381 29 94 1 217 19 487 16 231 15 178 26 268 28 14 5 206 20 296 12 68 10 22
21 20 146 5 208 28 339 26 189 23 281 13 5 12 238 1 254 19 58 9 352 15 103 14 129 7 177 4 247 22 434 21 322 10 148 2 473 17 182 20 486 24 74
22 20 134 7 102 22 234 4 62 21 426 15 60 6 493 5 116 9 293 10 161 1 96 27 137 20 210 3 68 26 355 23 447 14 22 18 293 2 402 25 191 11 452
23 20 133 2 12 27 161 22 149 18 358 25 193 13 111 19 363 5 408 3 208 11 473 21 344 8 127 14 445 12 105 9 119 10 174 17 194 26 297 1 402 4 70
24 20 139 23 319 29 305 28 51 16 302 10 115 17 141 6 445 4 194 21 298 22 51 3 397 1 214 12 123 8 193 18 283 5 117 2 114 19 472 27 248 7 407
25 20 166 2 406 23 15 17 411 22 442 20 512 1 445 14 475 5 480 8 378 12 138 26 345 29 342 21 270 10 157 18 34 24 321 25 265 9 484 27 14 19 70
26 20 167 28 510 13 218 3 389 6 78 19 455 16 140 25 252 22 316 24 141 27 428 18 39 23 424 20 196 5 214 15 149 11 512 12 113 26 108 1 460 21 389
27 20 143 25 332 19 232 24 77 26 312 29 424 11 125 14 145 7 442 21 62 17 394 8 167 2 153 1 237 18 36 6 163 5 321 3 109 16 4 12 223 23 488
28 20 143 14 400 12 437 24 294 1 276 10 48 22 313 26 258 6 285 25 55 15 108 28 454 11 405 8 452 17 323 21 505 9 126 3 213 18 422 4 36 13 342
29 20 149 1 492 26 434 28 229 27 123 7 90 12 435 17 218 13 247 25 315 5 267 24 369 22 438 14 484 11 35 3 391 23 428 21 6 10 88 4 278 6 281
30 20 140 18 68 3 480 29 186 13 351 23 52 7 227 9 105 17 201 6 409 22 162 4 295 27 501 10 322 16 90 15 277 2 506 5 412 12 107 28 282 14 295
31 20 145 28 353 14 458 8 194 25 198 20 347 15 423 7 246 1 365 16 443 9 371 12 228 10 357 21 12 4 307 13 268 11 209 2 4 24 258 22 363 29 293
32 20 156 12 321 20 375 16 511 9 154 2 7 3 506 1 296 5 304 21 486 8 152 29 87 22 403 15 289 28 159 26 299 25 453 10 163 18 482 19 265 24 315
33 20 158 18 475 25 503 15 364 23 310 4 133 22 90 13 9 6 350 5 35 8 464 12 117 20 375 26 35 11 311 2 153 24 107 10 8 27 209 29 33 16 349
34 20 157 16 43 11 270 25 38 23 452 24 337 27 29 13 135 2 416 3 144 1 301 17 110 9 447 8 119 18 98 14 50 7 133 26 475 28 8 20 416 22 217
35 20 145 9 28 2 173 1 92 29 145 20 368 11 396 13 212 8 337 18 314 3 463 14 41 27 225 21 148 10 59 26 196 22 131 28 175 6 184 15 452 7 411
36 20 146 18 194 19 78 1 22 14 219 16 283 20 278 29 336 28 240 11 370 13 356 9 223 21 233 26 289 15 324 4 468 12 456 22 256 3 377 10 482 2 183
37 20 172 21 266 28 160 24 289 7 456 25 282 3 431 5 228 18 450 4 194 23 203 20 411 15 119 17 367 29 438 26 121 16 454 27 346 14 70 13 29 9 149
38 20 152 22 44 21 245 20 46 9 174 17 360 15 272 23 404 4 420 1 17 28 164 24 261 6 289 14 102 5 289 2 23 25 286 8 65 18 274 13 221 29 483
39 20 144 8 298 13 52 20 8 17 445 5 270 4 245 27 253 7 136 1 277 24 170 25 82 18 461 9 125 28 86 2 281 6 425 11 467 14 16 29 282 21 178
40 20 152 8 220 10 509 17 294 14 287 6 495 16 222 21 200 4 371 25 350 20 50 27 312 1 164 9 383 15 153 22 19 2 264 19 367 28 206 29 364 11 52
41 20 130 17 49 2 211 8 341 9 82 13 7 21 26 11 6 6 130 24 47 5 106 25 469 10 302 12 353 4 347 3 438 7 465 16 344 28 135 19 407 20 196
42 20 157 13 217 11 393 3 240 16 24 20 325 4 378 22 18 26 149 14 288 7 98 24 286 25 368 18 421 28 301 2 13 29 32 9 404 27 507 12 146 5 35
43 20 142 25 154 6 62 5 268 21 129 10 63 14 333 19 232 29 114 2 40 12 467 16 30 4 66 15 242 8 371 22 371 18 126 9 317 17 342 13 321 20 203
44 20 148 20 196 6 432 1 63 29 488 17 14 23 382 18 363 25 314 22 296 7 145 2 155 16 237 14 42 26 446 15 75 27 438 8 426 4 63 13 55 3 512
45 20 162 14 188 22 188 9 69 4 388 11 116 25 62 1 305 18 238 10 473 15 48 5 194 16 54 23 165 17 80 28 164 27 152 20 344 24 315 7 116 29 161
46 20 143 25 262 2 204 23 317 13 23 29 103 20 396 9 36 4 10 15 353 17 383 1 173 21 78 3 376 10 21 28 279 18 269 8 33 22 1 12 39 7 333
47 20 152 9 258 28 42 7 84 14 203 3 172 10 117 11 138 4 64 23 285 27 382 16 398 15 362 8 244 26 256 12 134 13 205 25 469 19 216 29 349 5 232
48 20 158 2 432 25 3 16 159 15 449 24 354 27 336 22 90 7 34 18 357 23 137 11 329 28 403 10 174 21 94 1 510 4 435 29 319 9 98 5 402 20 160
49 20 151 27 472 21 133 20 246 15 372 26 387 25 225 16 235 14 156 6 319 12 487 7 478 9 250 11 391 18 116 8 260 4 271 29 76 1 232 10 482 23 233
