0 20 146 11 27 12 18 5 33 30 19 6 34 1 36 7 26 25 1 24 6 2 33 9 7 16 29 13 16 10 22 29 15 19 24 28 23 21 36 4 29 20 33
1 20 130 4 25 19 35 25 11 1 34 9 34 23 11 24 32 20 7 15 9 7 2 3 9 8 10 12 40 2 7 21 28 6 29 17 24 16 13 10 26 18 5
2 20 118 9 32 19 25 16 13 6 33 12 19 3 37 13 32 8 22 2 9 28 20 5 36 15 36 10 2 4 6 11 9 25 9 7 23 26 27 1 19 17 40
3 20 153 3 10 9 27 1 19 20 28 27 21 28 25 4 22 14 2 12 6 23 19 17 27 5 34 18 2 29 18 26 10 8 7 13 16 24 9 15 33 11 15
4 20 128 6 24 15 15 14 23 23 10 25 23 1 21 2 16 7 31 9 15 8 12 26 39 10 32 28 24 12 19 5 15 3 40 16 33 29 36 4 5 13 28
5 20 151 27 8 12 27 17 23 13 19 14 15 20 16 22 31 18 30 15 15 1 11 23 16 24 27 10 38 21 29 25 32 9 8 7 32 2 3 4 38 19 29
6 20 159 13 8 12 15 29 19 3 7 4 3 16 25 5 10 2 38 28 22 1 4 21 7 25 9 15 21 22 24 27 15 24 26 17 21 10 21 18 12 26 22
7 20 136 15 22 8 14 5 12 2 4 3 26 10 27 18 8 9 35 4 14 1 13 25 27 17 4 21 25 12 12 7 27 26 39 27 22 22 17 24 15 16 23
8 20 142 12 21 19 32 23 23 2 23 24 14 1 9 10 32 27 32 15 11 7 2 13 34 16 37 8 6 4 38 17 4 21 1 26 27 5 40 25 23 9 23
9 20 138 3 34 6 33 27 6 17 27 1 7 12 4 21 19 10 12 7 35 11 37 26 12 22 9 9 31 20 12 5 6 28 16 25 17 4 6 8 15 14 7
10 20 140 17 15 28 12 8 18 5 20 1 2 6 40 15 12 10 10 26 33 21 6 2 36 25 34 11 10 14 9 22 38 19 35 18 22 16 34 4 13 12 3
11 20 147 19 7 22 20 1 40 8 2 10 9 23 38 17 20 18 24 7 25 26 37 9 10 29 22 14 22 13 33 3 30 6 39 16 15 2 25 24 37 28 30
12 20 145 2 29 27 11 12 14 4 27 1 7 6 29 25 24 24 36 11 14 29 6 26 23 18 16 8 20 21 22 10 8 15 28 17 11 9 33 19 18 7 32
13 20 128 27 34 13 15 19 1 14 22 3 33 1 8 2 18 11 36 22 14 6 18 15 2 10 27 12 39 25 30 7 40 16 9 17 36 9 36 4 20 24 26
14 20 140 4 29 20 6 21 34 2 20 3 21 14 23 22 22 15 39 26 36 11 3 6 29 8 32 29 6 10 6 25 13 16 1 23 4 1 37 18 23 7 39
15 20 157 1 8 27 32 29 12 20 18 13 8 23 20 26 22 3 40 2 11 15 27 19 34 24 19 11 38 16 15 18 31 9 12 22 34 12 34 4 12 21 28
16 20 168 10 4 27 40 25 23 7 4 4 10 23 10 28 7 21 39 29 38 26 6 2 26 20 14 15 34 14 33 19 39 6 6 1 1 17 20 24 37 18 25
17 20 118 13 3 11 2 17 35 1 37 7 37 12 2 9 38 14 9 18 16 6 11 4 22 20 18 27 14 21 8 10 7 3 39 16 21 5 14 8 17 15 29
18 20 137 17 11 22 16 15 2 29 10 13 38 24 15 12 25 9 17 10 10 1 12 3 1 7 16 28 23 11 31 5 12 20 24 4 32 26 34 2 2 16 34
19 20 145 24 5 16 5 2 29 20 28 4 17 25 22 26 21 17 20 8 19 12 30 1 3 19 30 10 6 22 9 6 21 23 23 14 12 9 38 15 25 18 22
20 20 144 17 38 9 11 20 37 19 10 23 33 15 9 8 39 18 10 25 15 27 12 12 10 7 29 10 18 24 4 14 33 4 5 11 4 3 6 16 35 6 8
21 20 141 14 37 12 3 17 21 19 12 16 13 13 36 3 8 2 35 24 37 18 18 7 35 11 40 28 30 21 1 5 10 26 16 15 6 25 6 6 2 1 30
22 20 137 4 4 12 39 9 15 1 36 10 6 5 8 19 8 6 14 13 8 18 23 28 21 7 19 23 4 25 34 29 12 20 3 8 39 22 34 2 26 14 22
23 20 151 22 37 9 26 28 2 14 11 16 36 4 27 3 36 8 22 5 15 23 15 18 39 27 8 11 33 7 40 29 10 10 7 17 3 1 10 26 2 24 34
24 20 127 18 13 2 18 4 35 19 32 6 6 1 24 23 25 12 1 5 10 7 38 21 27 22 4 15 36 9 22 10 21 11 35 13 2 26 25 14 7 17 29
25 20 147 13 34 24 5 3 40 2 17 26 1 23 16 12 17 6 40 19 19 29 26 8 40 15 24 20 23 1 40 4 21 21 28 14 31 11 9 28 4 16 16
26 20 137 25 19 13 7 20 1 17 22 27 23 1 10 10 11 26 19 15 36 8 9 12 33 21 35 2 22 3 22 24 11 22 28 6 24 5 9 4 3 14 9
27 20 152 23 29 6 36 9 9 24 4 8 38 1 27 16 25 17 37 13 34 15 12 22 1 21 25 25 33 28 4 27 40 10 34 2 8 14 19 4 7 19 32
28 20 165 10 5 29 9 19 1 2 10 22 5 21 8 13 33 5 21 6 30 7 38 15 4 25 36 20 31 27 20 17 32 28 5 26 12 8 24 16 16 14 36
29 20 145 3 40 19 35 15 23 11 9 9 17 8 39 7 22 1 25 17 25 27 10 29 26 18 27 23 38 22 19 21 5 12 24 2 33 13 10 24 39 10 22
30 20 142 1 17 2 13 3 39 23 20 13 32 27 11 29 11 22 26 15 16 17 24 12 32 16 21 4 33 14 6 6 21 10 12 7 11 28 26 26 16 9 21
31 20 146 21 4 16 36 12 36 23 6 11 32 1 29 24 13 3 1 20 36 15 26 28 30 4 23 2 18 8 26 9 37 10 5 19 11 26 40 27 29 13 18
32 20 136 3 2 15 40 8 20 21 30 5 7 2 36 13 27 23 22 22 22 18 28 27 3 1 9 16 24 9 31 14 2 25 6 7 36 12 31 6 7 26 29
33 20 147 28 8 3 28 22 38 1 4 6 35 2 10 21 2 15 24 20 19 10 35 25 29 24 20 9 29 19 31 12 4 29 33 11 32 26 16 8 40 4 19
34 20 151 3 11 1 19 7 18 2 39 28 21 22 30 8 11 23 9 18 7 25 17 16 15 26 27 27 17 17 37 29 14 4 20 10 29 19 37 5 22 13 26
35 20 145 13 13 26 39 6 27 4 8 19 17 21 39 15 15 1 31 10 38 28 4 11 18 9 4 29 23 24 8 17 5 16 6 8 25 22 34 7 24 5 34
36 20 149 29 16 17 10 16 31 10 8 13 16 14 14 6 10 28 16 12 31 22 24 3 9 7 33 4 31 2 8 26 10 18 3 24 38 27 40 20 39 1 22
37 20 144 8 13 22 4 11 38 2 27 29 30 18 38 5 28 28 37 4 16 7 14 1 3 20 36 19 39 10 5 14 6 27 2 12 29 17 38 26 40 9 9
38 20 142 5 12 18 23 6 22 25 20 14 9 17 34 20 10 4 18 29 10 13 36 1 16 9 1 10 25 22 19 23 9 27 32 16 28 11 25 3 39 12 16
39 20 154 7 39 12 4 25 32 29 37 14 12 8 36 28 9 4 7 1 24 24 27 11 23 18 9 3 16 17 9 15 17 27 12 22 4 9 2 16 6 19 25
40 20 135 27 18 5 7 14 14 18 9 23 37 20 24 1 35 13 31 9 19 16 23 2 37 7 11 26 21 29 32 11 34 3 39 25 8 4 25 6 2 12 34
41 20 153 3 11 13 27 29 10 17 27 26 2 23 37 25 18 16 29 2 9 7 6 10 18 22 27 11 9 12 4 24 25 21 36 5 3 4 9 9 33 27 37
42 20 133 10 17 2 12 13 14 5 8 29 13 16 9 18 28 19 3 12 6 11 8 24 39 1 10 3 9 27 20 26 19 4 7 8 36 14 34 17 18 7 7
43 20 143 10 33 14 18 21 3 11 37 17 23 1 30 28 3 26 2 5 17 12 5 2 23 15 12 7 22 24 23 6 21 22 25 23 6 27 8 13 27 3 4
44 20 146 7 18 15 10 14 26 18 30 1 26 28 1 21 22 17 6 25 9 6 20 13 17 16 7 11 12 27 38 3 27 4 19 12 18 5 27 23 6 26 37
45 20 128 8 16 9 27 6 3 12 29 13 16 1 4 14 29 2 36 25 37 26 35 27 26 5 33 3 17 15 23 23 28 4 8 11 19 17 18 29 21 7 31
46 20 138 5 32 3 39 12 22 14 9 28 20 13 27 11 20 4 4 1 26 19 11 7 3 27 24 23 16 20 27 6 23 18 4 2 35 22 38 26 18 15 16
47 20 135 6 18 1 32 14 22 11 26 8 3 2 3 24 25 13 13 5 33 10 5 21 23 25 2 3 24 7 31 28 37 18 31 9 26 20 8 29 7 16 26
48 20 154 5 35 7 4 22 18 18 34 1 37 20 25 16 11 4 32 14 28 9 6 21 17 25 8 29 1 3 32 28 23 2 7 26 2 12 23 23 4 24 12
49 20 133 28 4 20 36 11 8 2 36 7 20 6 38 5 11 8 38 26 18 29 14 25 19 22 20 13 12 10 38 3 36 1 32 14 13 17 39 15 32 4 14
