0 20 133 11 27 6 6 2 37 1 19 4 29 23 11 8 10 3 37 7 33 17 39 10 2 26 39 15 10 18 22 21 16 24 26 22 16 9 37 12 21 27 32
1 20 125 2 2 7 32 8 29 4 20 28 31 10 24 3 34 12 39 9 31 1 39 6 17 16 34 13 9 18 14 30 20 17 11 20 17 11 14 14 7 22 14
2 20 116 1 16 17 16 12 19 2 12 25 3 7 33 4 16 13 31 3 34 9 10 11 25 15 40 21 28 10 4 26 6 19 39 18 25 5 14 6 14 8 18
3 20 122 12 25 1 12 3 19 2 2 4 39 24 18 19 26 8 11 6 21 16 35 14 12 27 16 28 30 7 31 5 8 22 19 13 18 10 8 15 36 9 3
4 20 132 5 23 3 26 1 40 25 32 4 10 10 21 29 18 8 38 17 33 13 25 15 4 2 23 6 30 7 38 23 20 16 21 14 6 27 27 28 26 11 15
5 20 136 24 8 5 3 3 1 16 1 2 18 28 12 4 2 6 38 9 12 1 4 11 2 21 2 22 29 7 37 23 9 29 14 20 13 10 33 17 39 14 28
6 20 123 3 9 7 33 16 3 2 37 1 3 20 36 19 7 5 12 17 34 4 18 18 18 14 19 11 23 12 34 28 39 24 25 10 17 8 21 6 21 22 25
7 20 130 2 16 15 10 1 26 4 5 21 36 17 26 13 14 11 12 28 27 9 23 24 16 29 16 5 21 23 11 3 38 8 40 6 23 7 34 10 5 25 2
8 20 135 2 17 5 3 1 5 13 8 23 15 29 1 28 2 3 3 4 8 9 4 11 27 14 13 17 39 8 25 6 40 25 15 27 32 12 19 16 38 18 21
9 20 116 14 16 18 22 3 24 1 10 16 3 9 8 2 32 10 23 6 9 19 20 5 2 12 33 15 16 7 25 4 23 21 35 13 14 24 35 22 6 11 17
10 20 120 2 32 4 25 1 22 14 21 5 2 8 24 11 37 26 2 10 30 3 34 6 11 16 24 24 3 9 21 21 14 7 25 20 30 22 14 13 17 19 38
11 20 122 6 3 1 29 27 15 3 25 2 37 9 15 15 20 7 17 5 22 10 2 18 23 20 9 17 33 11 11 4 39 8 40 23 8 13 9 19 38 26 17
12 20 118 1 5 5 23 2 13 14 13 21 29 15 15 7 23 4 10 12 29 6 2 11 24 3 22 19 26 22 23 24 38 8 28 10 25 9 9 26 39 17 13
13 20 120 2 17 5 27 10 22 1 17 11 22 14 10 26 17 6 25 15 25 3 3 4 9 12 13 23 16 13 33 9 24 7 18 25 35 18 28 28 29 8 5
14 20 131 22 8 6 35 4 32 1 3 3 27 12 36 24 25 13 20 23 10 8 7 9 27 2 38 7 16 27 36 15 39 17 6 21 14 25 29 10 28 14 13
15 20 131 7 27 17 16 1 18 15 34 5 20 21 2 10 18 3 8 13 31 23 22 29 15 2 14 16 20 4 18 26 21 6 21 27 6 12 34 11 34 14 34
16 20 142 1 36 27 21 17 25 4 7 3 24 20 16 28 28 23 17 2 24 13 4 11 31 5 34 15 17 9 28 6 33 25 34 24 23 14 25 18 23 19 23
17 20 130 6 3 17 38 5 37 28 12 1 10 8 9 7 13 4 24 3 24 11 2 2 19 24 39 16 3 10 26 22 7 23 20 14 35 27 26 19 38 13 22
18 20 129 6 26 23 18 7 24 1 14 12 18 15 3 8 8 11 19 16 23 5 38 3 7 4 20 29 10 2 6 22 28 24 35 26 24 9 28 10 30 25 15
19 20 125 1 8 27 19 6 40 9 6 10 24 14 11 5 40 3 1 21 29 11 30 4 23 24 31 13 32 20 32 7 22 2 17 26 26 8 20 17 21 23 37
20 20 124 3 36 1 13 23 31 20 13 7 5 8 31 4 26 19 3 13 4 22 21 5 11 17 36 2 25 10 32 18 15 14 35 12 24 29 31 6 18 16 34
21 20 118 21 37 1 35 3 21 8 24 5 16 10 7 14 40 9 25 4 27 24 32 19 12 16 26 20 9 12 34 11 17 29 5 2 27 15 6 7 5 6 10
22 20 125 1 34 4 21 7 22 8 21 18 38 11 14 10 35 12 29 6 21 9 3 2 26 5 1 3 12 13 8 26 33 17 23 21 40 27 36 28 13 22 34
23 20 127 9 29 2 38 4 8 20 8 10 30 8 30 1 1 27 9 26 31 3 26 6 35 17 37 11 34 5 30 16 37 13 6 23 27 21 37 25 19 7 35
24 20 125 3 36 5 23 2 14 6 27 23 34 1 40 8 38 12 38 16 2 14 31 7 33 27 12 13 18 26 6 11 10 18 37 19 1 4 28 21 17 15 23
25 20 130 2 8 4 4 1 8 14 5 12 35 17 40 18 29 7 21 15 23 5 19 11 33 23 17 26 1 27 40 3 4 9 6 16 9 25 11 20 14 6 37
26 20 128 3 34 1 22 4 2 2 29 7 35 8 37 20 8 6 27 19 10 28 4 24 2 11 35 17 8 18 8 27 2 13 19 21 20 9 8 14 16 5 37
27 20 117 6 22 13 11 10 36 8 16 2 9 4 14 1 25 12 28 9 17 3 24 15 37 20 31 19 16 11 30 7 39 29 28 5 28 14 5 26 15 21 34
28 20 135 3 1 2 38 5 14 1 6 27 22 25 14 26 6 4 14 11 16 7 35 13 1 9 21 17 39 6 11 19 13 21 30 22 36 29 25 10 14 14 18
29 20 134 2 29 7 12 15 34 3 5 26 33 1 9 5 35 6 36 23 2 16 6 4 16 11 13 25 2 27 22 22 39 17 16 13 37 12 39 10 1 24 19
30 20 126 1 30 13 34 5 35 8 14 29 28 15 23 3 23 22 15 20 37 9 17 12 24 10 37 27 34 4 39 19 20 18 9 2 11 6 37 7 6 23 36
31 20 129 3 28 25 5 1 38 10 22 2 38 7 33 8 22 9 29 18 39 5 22 6 15 4 2 22 33 27 31 21 19 20 31 12 39 19 16 26 20 13 28
32 20 122 5 31 1 31 14 16 3 35 2 15 8 28 13 19 7 38 6 1 18 28 19 10 4 35 15 3 16 35 29 26 17 5 11 7 21 22 12 35 24 25
33 20 116 4 27 1 17 7 23 6 12 3 24 16 9 21 22 2 14 15 36 8 20 18 34 9 2 25 2 11 32 5 29 12 6 28 26 13 2 10 11 19 16
34 20 124 28 34 1 17 13 8 11 32 5 4 16 20 23 33 6 7 4 35 8 8 25 21 14 37 3 23 7 34 10 33 2 32 21 40 24 2 9 20 19 31
35 20 147 28 3 16 25 1 4 29 2 14 21 26 16 7 33 21 21 25 28 3 35 4 12 5 2 2 2 18 12 20 3 24 31 10 19 12 26 23 7 6 8
36 20 124 10 19 1 39 18 21 6 23 3 9 4 12 26 2 2 30 5 11 14 3 23 9 11 7 12 36 28 39 16 15 24 29 8 4 7 31 17 23 13 34
37 20 132 3 6 2 14 4 34 10 33 8 23 5 18 7 21 12 31 14 28 1 27 22 32 6 32 9 38 26 8 20 20 24 22 18 9 27 20 21 35 25 14
38 20 126 4 34 10 21 1 21 3 29 28 11 14 30 13 34 2 10 18 27 24 36 11 30 9 14 16 30 7 19 8 37 6 14 22 32 27 5 12 35 17 6
39 20 120 12 9 8 40 3 22 1 19 27 23 13 33 15 36 2 19 7 36 11 34 14 6 4 38 17 26 6 19 28 12 20 22 10 27 9 16 18 33 16 17
40 20 118 1 22 14 30 22 25 4 19 8 13 18 37 2 25 28 36 21 12 10 34 3 21 19 35 5 9 15 9 6 39 11 39 13 19 12 2 16 19 9 13
41 20 122 24 31 1 16 11 31 17 21 19 25 14 5 3 22 2 8 7 36 5 20 8 18 12 2 27 1 13 28 4 12 10 21 6 27 21 27 16 27 25 35
42 20 125 28 39 6 14 1 16 4 14 13 20 23 38 3 19 11 8 24 22 2 2 5 14 27 38 9 14 17 25 18 15 16 25 15 22 7 10 8 18 14 37
43 20 116 3 9 19 19 27 18 4 40 2 16 16 36 6 24 5 25 8 21 11 37 1 14 21 15 7 15 9 17 12 27 25 21 15 18 18 39 10 18 14 6
44 20 125 8 28 17 31 5 17 6 9 1 30 4 36 2 7 21 4 3 20 15 17 23 20 24 5 7 30 10 5 26 25 11 2 9 39 27 34 18 39 14 33
45 20 132 8 23 1 14 5 40 27 22 29 32 13 11 19 23 6 27 7 39 3 7 9 4 22 12 2 22 17 16 14 40 4 6 23 31 16 11 12 15 28 22
46 20 139 1 10 3 28 6 1 21 6 2 24 8 29 19 36 22 37 7 30 14 16 5 33 4 6 18 27 24 31 10 33 29 8 26 2 23 9 9 13 27 1
47 20 129 1 18 11 4 3 29 4 36 19 22 2 2 25 24 5 25 14 26 27 29 15 5 10 4 26 21 21 28 9 26 17 34 29 19 7 27 6 39 8 23
48 20 127 4 40 8 27 29 14 14 14 6 20 1 37 3 3 2 31 17 27 10 2 15 27 11 24 26 15 13 9 16 22 24 14 7 19 9 27 12 28 28 26
49 20 128 2 15 4 7 1 7 12 39 15 29 10 17 8 16 11 21 18 20 3 1 5 28 27 16 19 18 7 25 17 29 6 8 16 17 22 3 25 23 28 4
