0 20 111 1 36 2 23 16 37 3 34 4 28 5 39 10 25 12 35 7 30 8 30 9 15 6 28 20 39 17 8 11 5 22 15 14 32 15 33 28 33 13 10
1 20 111 2 32 1 31 4 6 3 14 5 10 10 36 13 37 20 14 6 4 11 26 7 8 12 23 14 11 17 32 16 1 8 7 26 10 9 2 18 1 21 30
2 20 128 1 20 2 25 4 22 6 31 28 17 7 4 5 18 3 7 24 19 8 36 10 38 9 40 15 18 13 5 11 18 30 18 12 33 29 29 23 10 16 8
3 20 120 2 38 1 32 4 40 6 24 8 33 11 7 3 39 5 34 9 8 7 20 29 30 12 26 17 12 27 33 20 1 19 16 15 29 10 9 22 27 14 11
4 20 107 1 8 2 1 4 30 3 32 7 18 5 32 8 40 6 23 13 9 9 36 14 22 16 18 10 34 15 11 11 34 18 24 17 31 12 11 22 21 21 40
5 20 120 1 32 3 12 2 19 4 15 17 10 8 39 10 20 6 11 12 39 26 19 5 19 14 24 18 19 7 5 22 5 13 35 25 19 11 29 9 34 28 1
6 20 118 1 37 3 16 7 6 2 9 4 22 6 1 9 2 5 24 11 14 10 3 8 18 20 26 15 1 18 1 14 17 29 18 22 37 24 23 13 11 16 20
7 20 113 1 36 2 32 3 18 4 6 14 35 5 8 7 13 6 15 13 27 10 38 21 7 8 1 16 33 23 40 12 24 20 22 9 6 11 2 19 25 22 15
8 20 114 1 29 2 31 3 15 4 33 8 22 10 27 5 17 11 5 27 39 20 7 7 18 9 23 19 14 6 17 26 12 15 21 17 33 12 28 14 10 13 14
9 20 110 1 33 2 35 3 2 8 9 4 23 6 19 5 25 13 19 20 17 7 33 11 23 10 21 29 19 9 25 12 28 17 5 15 39 14 12 18 3 16 8
10 20 118 2 5 1 12 21 34 4 37 3 37 7 21 6 23 5 18 8 13 10 40 28 1 9 11 14 33 13 32 18 15 12 33 15 26 11 30 27 6 22 9
11 20 110 1 35 2 35 3 23 4 9 6 25 7 14 5 28 13 23 9 4 8 37 17 14 16 7 20 10 14 12 12 19 11 4 18 25 10 28 21 22 23 18
12 20 110 1 17 3 32 2 3 4 5 13 28 20 3 7 22 8 14 5 39 16 31 10 20 6 1 21 19 9 8 11 28 27 40 14 31 15 5 12 22 17 1
13 20 110 3 14 1 39 2 25 7 32 5 9 6 13 10 35 4 11 8 19 9 40 16 39 18 27 20 22 11 24 26 5 19 39 12 2 13 40 17 34 14 40
14 20 122 1 40 2 33 4 40 3 30 22 32 5 12 21 21 11 4 6 13 9 8 24 37 7 4 12 32 10 35 13 20 19 24 28 7 8 1 23 4 16 6
15 20 114 1 30 2 30 4 36 3 25 6 12 5 5 19 19 8 1 7 19 10 34 9 9 14 22 27 35 11 32 16 25 15 23 18 4 13 19 23 15 17 16
16 20 116 1 10 2 11 8 13 10 18 5 36 3 17 11 16 4 40 7 36 9 24 17 36 6 2 14 9 13 4 15 36 19 11 12 4 20 8 28 11 29 29
17 20 116 1 22 3 1 5 39 8 30 2 37 4 1 12 19 6 17 7 10 15 25 19 30 10 27 11 26 14 40 9 40 17 28 21 31 27 30 13 33 28 11
18 20 115 1 15 2 12 4 29 3 30 7 4 5 21 9 13 6 34 11 24 8 29 22 37 12 5 10 33 13 18 14 21 15 12 29 13 18 8 25 4 16 26
19 20 116 1 14 2 40 3 12 7 9 4 2 20 28 5 34 6 10 10 16 8 26 15 39 25 31 12 4 17 20 24 25 18 31 11 17 16 35 9 12 19 9
20 20 117 1 1 2 16 5 18 3 27 7 29 4 20 9 31 6 26 8 37 11 38 13 24 15 15 12 1 14 6 21 23 28 4 22 25 10 5 26 22 18 35
21 20 110 1 14 7 25 2 36 3 3 12 5 4 24 5 8 14 37 13 39 10 12 9 20 6 22 22 12 11 18 8 39 16 8 15 33 21 33 17 17 24 3
22 20 119 1 9 2 19 3 24 4 15 21 12 6 5 5 29 7 27 14 18 26 33 23 22 9 7 18 10 16 19 13 23 8 8 17 10 19 2 15 9 11 28
23 20 115 1 33 6 24 4 38 3 25 2 8 7 1 5 15 17 2 11 40 15 11 8 38 10 8 18 12 20 20 9 12 16 8 13 30 12 26 25 22 28 1
24 20 105 1 3 2 33 5 8 3 27 4 12 6 23 17 10 16 39 10 39 19 7 18 8 8 8 12 7 11 16 15 26 14 10 13 27 9 15 7 40 20 31
25 20 112 1 30 2 27 3 22 5 40 11 35 7 29 6 34 4 26 21 39 9 16 24 34 23 30 18 15 14 5 13 17 19 5 12 38 15 30 8 13 10 33
26 20 115 1 18 3 28 2 7 8 19 5 6 7 18 4 33 11 11 12 40 10 19 6 24 13 21 15 39 9 36 18 16 21 32 23 37 16 1 29 15 17 31
27 20 110 2 23 1 30 3 7 4 31 13 18 9 29 6 4 5 17 8 22 17 14 11 38 14 37 19 29 7 7 15 29 12 29 10 7 26 16 18 40 21 5
28 20 113 1 18 2 3 3 22 5 38 6 10 17 27 13 29 4 28 14 1 28 3 9 38 12 16 8 39 10 24 19 21 7 39 11 29 21 4 16 28 20 19
29 20 115 1 1 2 9 3 26 5 14 8 10 4 2 11 35 18 33 6 24 7 7 17 19 14 6 10 3 29 27 9 27 12 24 13 2 19 33 15 17 27 22
30 20 115 1 25 2 40 3 12 5 36 4 13 13 30 12 39 7 17 6 21 9 24 16 27 11 25 10 40 8 8 19 5 26 14 17 3 18 11 14 5 29 18
31 20 107 1 22 3 9 7 24 2 35 14 34 4 11 6 24 5 11 10 8 12 13 9 3 11 2 8 14 17 1 23 24 15 13 18 29 13 17 21 32 16 24
32 20 110 2 19 1 11 5 23 3 11 4 25 14 15 6 38 16 40 12 10 9 2 19 3 10 12 11 28 26 39 8 15 15 36 7 25 17 40 23 3 13 36
33 20 107 1 33 2 40 3 17 5 18 4 24 15 22 6 22 17 10 13 5 11 29 20 20 7 23 16 29 8 13 19 39 9 40 12 12 14 37 10 20 23 24
34 20 107 1 8 5 23 2 25 4 5 3 29 9 14 6 11 7 35 8 27 11 2 14 9 12 12 18 26 15 30 19 35 10 10 21 20 20 9 16 12 13 9
35 20 109 1 15 3 17 4 4 2 2 6 14 5 20 8 23 7 18 19 2 17 17 10 35 15 6 12 22 25 5 13 30 11 6 16 25 9 13 14 15 22 5
36 20 116 1 37 2 29 3 23 14 17 5 24 4 10 6 36 8 25 11 29 7 38 28 34 13 35 10 32 15 40 12 32 16 30 9 15 21 6 29 10 18 6
37 20 105 1 8 17 25 2 26 3 23 10 2 5 4 6 32 4 14 7 5 14 33 12 23 9 17 13 6 19 1 16 33 11 30 8 2 15 22 18 36 20 15
38 20 105 1 5 2 13 12 14 8 8 3 16 6 1 4 5 5 1 7 11 9 27 10 19 11 3 17 30 18 33 13 27 15 5 19 11 16 37 14 37 21 17
39 20 112 1 28 3 20 2 29 6 34 4 24 20 20 5 25 9 22 7 4 8 13 12 1 21 7 23 2 14 30 13 8 16 28 11 36 18 29 17 39 15 28
40 20 112 1 36 4 39 5 11 2 36 7 35 3 24 9 28 10 2 8 20 6 10 13 3 25 35 14 34 16 18 17 31 12 2 23 11 11 12 20 14 18 24
41 20 116 1 27 3 3 2 39 4 33 5 12 6 33 7 5 9 18 8 4 11 27 21 26 12 28 13 16 14 40 10 21 17 35 16 15 27 24 24 14 23 22
42 20 107 1 39 4 12 2 20 5 1 6 20 3 5 11 33 7 1 8 19 19 27 10 32 14 23 17 20 16 30 15 12 9 40 13 37 20 7 12 30 23 11
43 20 118 1 4 3 1 2 32 4 9 6 28 5 4 7 16 9 38 21 5 14 3 8 22 11 29 12 39 17 15 13 3 28 33 10 10 16 32 23 8 26 40
44 20 114 2 39 1 13 3 33 8 9 5 23 6 9 4 8 9 32 17 7 7 20 10 6 23 40 11 17 20 1 24 20 12 29 16 35 18 24 19 5 13 6
45 20 119 1 9 4 35 2 7 3 31 5 37 15 8 6 38 10 29 9 22 7 20 8 20 20 16 11 25 26 25 19 37 13 21 29 23 12 20 16 10 22 39
46 20 123 1 38 2 17 5 22 6 32 3 38 4 35 8 11 24 20 10 27 29 33 7 36 13 6 22 34 9 28 18 25 16 30 11 5 17 37 27 33 15 4
47 20 119 1 15 3 22 2 1 5 19 6 21 7 14 8 27 4 8 19 4 9 9 11 27 10 16 20 20 13 23 24 20 15 22 12 34 29 34 23 32 18 12
48 20 120 1 15 2 8 4 3 3 1 10 12 5 7 6 36 7 26 9 33 16 26 8 15 15 1 29 38 14 30 12 31 13 26 27 19 11 27 25 2 24 26
49 20 116 1 15 2 3 3 2 14 27 12 37 5 29 4 35 8 12 7 14 10 14 9 15 21 33 6 33 16 37 27 2 13 15 22 11 25 3 11 16 17 38
