0 20 120 1 36 6 6 2 37 4 29 11 4 21 16 16 37 3 34 12 14 7 33 5 21 28 12 9 12 22 30 8 12 23 16 13 20 14 5 10 31 25 22
1 20 116 1 37 5 22 4 14 2 31 6 11 3 19 9 40 14 30 7 32 17 27 13 17 8 23 10 11 21 3 11 21 19 31 27 1 15 29 22 28 18 30
2 20 140 3 3 1 7 6 25 19 30 11 11 2 3 23 7 30 23 4 21 9 37 5 3 10 17 17 11 8 37 15 21 22 5 29 28 20 35 21 30 26 31
3 20 116 8 12 1 7 3 39 2 24 7 9 4 27 20 39 16 11 6 37 10 36 9 27 5 24 17 8 15 37 12 36 25 6 11 38 14 13 26 24 21 38
4 20 117 2 21 1 14 3 31 4 8 11 16 5 27 6 4 8 31 13 30 27 3 28 31 18 8 7 22 17 31 12 2 19 33 14 16 16 6 15 16 9 10
5 20 116 2 1 1 25 4 3 9 39 16 18 3 36 5 23 11 28 7 38 17 30 6 31 22 8 8 20 14 34 24 25 10 40 12 15 13 31 20 9 28 32
6 20 121 2 37 1 22 3 7 18 28 7 10 26 19 6 10 5 11 15 7 4 5 8 34 16 10 19 17 9 38 10 2 17 23 12 32 13 14 28 30 23 2
7 20 120 1 36 2 31 17 15 3 5 6 37 8 10 4 19 15 16 7 13 11 25 5 35 20 38 9 25 12 39 10 22 19 39 21 4 29 30 28 11 13 2
8 20 119 1 2 7 17 3 39 4 16 2 23 5 37 29 4 6 27 25 25 9 7 15 35 8 4 10 36 12 18 17 40 13 29 11 22 18 5 24 8 20 23
9 20 124 1 30 3 12 12 40 5 10 4 19 2 26 22 15 9 19 8 18 6 25 7 9 20 4 29 37 11 16 10 1 28 10 13 26 19 36 23 24 17 9
10 20 121 28 15 8 2 1 19 4 26 3 36 29 7 17 24 2 19 11 1 20 40 6 31 16 19 13 19 25 19 5 39 9 9 7 35 10 22 15 36 14 20
11 20 110 1 21 6 4 9 4 13 19 2 21 4 2 3 11 7 33 12 36 11 22 5 11 15 13 20 25 22 37 8 35 10 15 26 28 14 2 17 34 16 39
12 20 126 1 5 4 6 2 16 9 2 5 27 3 35 6 9 7 34 28 9 26 21 11 15 14 29 24 18 8 33 17 38 25 35 13 13 10 10 23 11 16 27
13 20 124 1 8 8 3 3 7 22 22 5 14 2 5 4 3 6 1 7 32 17 2 16 9 9 21 15 14 24 18 21 1 20 14 19 15 10 27 13 27 26 7
14 20 130 1 26 2 7 4 26 3 23 7 26 15 5 19 2 9 7 6 30 10 11 5 2 8 23 11 11 14 15 26 36 18 38 22 35 24 10 27 28 29 36
15 20 108 2 35 1 1 3 11 10 5 8 40 5 11 13 19 4 17 6 28 11 25 7 12 9 32 20 4 19 11 12 22 14 30 18 5 23 2 17 30 15 30
16 20 114 29 7 1 21 3 8 12 36 5 36 2 33 27 29 7 28 10 37 4 30 17 25 15 8 20 12 6 16 11 11 9 3 14 32 13 36 8 33 16 19
17 20 124 3 16 1 25 6 27 2 14 4 24 5 29 26 26 29 35 15 10 7 35 12 36 18 11 21 14 16 33 8 37 10 35 20 31 11 8 22 18 13 16
18 20 114 1 13 5 23 2 34 3 2 4 13 6 14 7 21 18 29 23 3 8 38 10 13 13 4 9 25 14 28 11 38 27 16 15 14 12 9 24 6 16 19
19 20 124 2 27 1 39 21 15 6 3 3 12 14 14 7 19 5 8 16 5 4 27 8 33 29 13 19 14 9 28 18 29 12 8 15 29 23 23 10 40 26 17
20 20 112 2 37 1 6 24 11 17 39 5 7 3 34 14 30 4 7 9 35 11 40 7 10 10 13 13 19 6 1 8 32 18 10 12 6 15 32 27 15 19 38
21 20 118 4 37 2 8 1 35 9 7 10 34 5 23 7 14 3 26 6 25 8 25 13 36 19 17 25 28 14 9 24 30 16 29 26 7 12 9 15 38 18 15
22 20 120 2 40 1 12 7 11 3 37 4 10 6 9 11 10 19 5 9 21 13 37 15 24 5 5 10 11 24 8 26 11 14 16 8 17 18 34 25 15 21 40
23 20 110 1 40 6 4 3 32 2 33 11 26 13 27 10 9 7 2 4 27 26 31 8 38 20 17 5 5 17 10 9 13 19 3 14 29 16 32 18 1 12 7
24 20 116 1 28 7 22 4 19 6 8 14 39 2 20 16 11 3 40 12 1 8 7 9 4 5 31 20 18 11 28 23 5 27 22 22 19 18 3 15 18 10 6
25 20 113 2 40 1 21 5 10 3 28 4 13 7 13 12 21 13 33 6 21 10 25 11 17 9 13 14 29 18 24 27 19 15 18 24 38 21 1 8 37 17 30
26 20 119 1 1 6 34 3 20 2 35 4 9 11 39 13 12 5 32 8 3 22 30 7 20 10 2 24 12 26 10 9 31 14 25 20 23 12 2 15 9 27 1
27 20 117 1 39 8 22 6 19 3 17 14 7 13 24 10 19 4 23 5 30 2 20 7 11 9 35 12 26 15 26 23 2 26 27 20 10 19 17 16 33 22 17
28 20 111 8 30 3 37 1 18 2 25 6 23 9 2 10 2 5 28 7 13 12 40 4 12 18 16 13 8 16 24 11 32 19 3 14 1 21 3 20 25 23 37
29 20 112 1 18 3 16 2 5 7 17 6 21 13 17 5 39 24 21 12 16 4 11 9 15 17 26 21 18 8 19 10 34 18 29 14 11 16 29 23 9 11 19
30 20 118 1 3 2 9 7 29 4 9 5 40 3 3 14 11 8 9 10 40 9 25 12 20 27 19 6 23 11 29 20 1 15 1 19 14 26 2 13 6 25 21
31 20 113 2 23 1 21 3 1 9 7 14 5 4 37 5 13 7 29 8 26 11 9 10 23 13 36 6 4 28 13 17 8 22 28 21 12 18 26 12 39 15 3
32 20 112 1 16 3 31 7 26 19 22 9 19 17 27 2 7 5 29 6 5 4 19 13 24 12 35 8 39 11 33 16 34 10 6 20 3 21 1 14 14 26 9
33 20 121 1 28 9 18 2 35 12 2 3 21 10 34 5 9 21 1 4 30 6 23 19 40 17 34 7 12 15 14 14 16 11 21 8 17 24 32 28 17 26 3
34 20 120 1 9 8 15 5 9 2 22 3 25 6 15 11 39 4 21 16 12 13 28 15 8 10 1 7 5 17 20 20 35 9 15 24 19 22 18 26 38 21 34
35 20 112 2 13 1 36 5 38 6 35 22 5 4 37 3 19 8 20 11 22 7 37 10 3 12 17 9 39 20 26 14 38 19 14 16 22 28 9 13 39 15 5
36 20 111 1 1 20 27 4 26 6 26 9 39 5 28 3 29 8 36 2 11 7 34 13 18 10 39 12 21 16 3 11 9 28 2 21 9 17 40 14 24 15 12
37 20 117 1 24 2 5 4 22 5 19 11 18 10 6 24 19 8 23 3 15 7 40 9 27 6 22 13 34 28 15 21 27 15 18 12 30 22 9 17 17 16 14
38 20 118 1 20 4 16 6 5 12 15 2 12 19 30 9 40 17 8 3 5 7 21 10 33 8 6 5 33 16 1 11 37 24 31 27 14 13 5 14 30 28 7
39 20 120 1 24 2 3 3 32 6 40 4 10 12 39 27 5 10 18 19 4 5 36 9 33 16 2 7 23 11 18 18 28 26 5 8 5 14 39 25 17 17 15
40 20 121 2 32 1 4 3 11 11 33 5 9 6 22 14 33 9 32 7 33 4 22 29 29 10 19 12 25 24 29 17 24 13 14 8 23 27 34 21 11 20 2
41 20 112 1 22 3 13 7 35 4 5 2 31 16 40 10 38 9 24 5 18 11 37 8 22 6 38 13 4 12 38 14 4 23 10 18 17 28 26 15 1 20 8
42 20 112 1 27 12 34 3 15 2 20 10 25 4 40 6 22 8 17 5 18 13 37 16 28 21 20 11 10 20 23 9 38 17 15 18 14 27 33 7 6 14 11
43 20 115 1 15 3 8 2 31 5 7 4 11 10 35 24 24 8 30 11 29 12 16 16 5 14 39 7 31 19 30 17 1 18 12 9 14 22 16 6 32 23 23
44 20 108 9 10 1 13 13 10 2 33 4 38 11 26 5 11 3 23 10 25 27 32 15 15 16 36 8 15 7 18 6 5 19 40 17 14 14 37 18 2 12 36
45 20 120 1 37 4 33 2 6 3 35 7 8 16 37 5 6 17 25 13 30 15 39 6 24 8 40 10 22 18 25 11 7 26 25 29 36 9 18 19 14 21 29
46 20 126 2 1 25 33 1 19 6 4 5 35 4 26 7 16 3 11 11 10 12 5 9 15 21 35 23 38 16 4 15 20 27 6 26 6 13 4 8 38 19 21
47 20 133 1 34 10 13 4 30 2 40 6 33 27 35 3 19 9 21 17 1 14 30 7 20 28 16 23 23 21 12 12 38 16 40 5 34 8 37 24 6 29 30
48 20 122 1 4 2 34 7 5 4 39 20 8 3 12 19 11 26 30 12 31 5 30 9 20 8 19 6 5 10 5 16 35 17 12 25 23 15 25 11 18 28 11
49 20 121 16 21 3 12 1 29 7 29 2 5 4 12 5 30 6 24 8 19 13 11 14 26 10 39 28 7 17 40 19 22 11 11 12 32 22 36 20 27 24 6
