0 4815 2914
1 4590 2767
2 4680 3025
3 5167 3253
4 5048 3086
5 4745 1932
6 5216 2800
7 5198 2512
8 5249 0
9 4491 2310
10 4760 2473
11 4142 2535
12 4823 2565
13 4722 0
14 5240 2358
15 5712 3102
16 4536 2715
17 4876 3018
18 5344 3201
19 5438 3820
20 5170 2367
21 5144 2589
22 4944 2742
23 4747 2660
24 5639 3279
25 4651 2356
26 5469 3091
27 4650 2715
28 5111 2403
29 4400 2144
30 5002 2841
31 5203 2924
32 4755 0
33 5411 2903
34 5707 2451
35 4751 2768
36 4754 2885
37 4789 0
38 5389 2865
39 4471 3206
40 5534 3079
41 5446 2603
42 4992 2718
43 5595 3572
44 4731 2827
45 4814 2776
46 5369 3059
47 5340 2899
48 4678 2822
49 5103 2440
50 4795 3014
51 4506 2843
52 5168 2252
53 5504 0
54 4646 3322
55 4830 2699
56 4677 2914
57 4937 2343
58 4711 2258
59 5044 2194
60 5479 3425
61 4807 2097
62 5659 3940
63 5111 3459
64 4926 2600
65 5480 0
66 4861 3037
67 4741 2543
68 4850 2426
69 4735 1952
70 4458 2221
71 5225 1963
72 3864 2320
73 5042 2285
74 4516 2269
75 4058 1951
76 4675 3143
77 4270 3204
78 4697 2749
79 5201 2962
80 4762 2238
81 4025 1851
82 5098 3262
83 5224 3231
84 4791 2405
85 5391 3247
86 5563 3034
87 5032 3121
88 5111 1944
89 5094 2968
90 5217 2759
91 5397 3271
92 5240 2908
93 4392 2593
94 4878 3189
95 5441 3081
96 5314 2607
97 4821 2803
98 5418 3086
99 4493 2942
100 4765 3033
101 4705 2534
102 4732 3000
103 5631 3489
104 5353 2711
105 4219 2182
106 5224 3121
107 4909 0
108 4575 2006
109 4733 2889
110 5128 3033
111 5237 2697
112 5726 3214
113 4541 2488
114 4976 2096
115 5046 1635
116 4593 1577
117 4067 2807
118 5233 3510
119 5635 2678
120 4698 2887
121 4904 2563
122 4824 2791
123 5601 2634
124 5182 2339
125 4878 2737
126 5315 3007
127 4899 2839
128 5251 3662
129 4444 3128
130 4560 2622
131 4360 3046
132 4903 2798
133 4947 2693
134 4815 2573
135 5515 3257
136 4472 2171
137 5074 2174
138 5668 3677
139 4713 2082
140 5178 3490
141 4517 2290
142 5446 3223
143 4488 3342
144 5928 3226
145 4780 3114
146 5149 2871
147 4582 2415
148 5253 3377
149 5511 3823
150 5058 2031
151 5168 3237
152 5187 2893
153 5159 3154
154 5386 2794
155 4085 2572
156 4508 2399
157 5164 3215
158 5369 3380
159 4316 1884
160 5326 3152
161 4863 3027
162 4692 2749
163 5355 2639
164 4709 2211
165 4228 2217
166 4542 2863
167 4207 2371
168 5473 3380
169 4931 2560
170 4447 2048
171 5377 3352
172 5148 2818
173 4498 2923
174 4910 3271
175 4537 3013
176 5105 2635
177 5200 2529
178 4264 2771
179 5504 2786
180 4298 2292
181 4881 2617
182 4422 2670
183 5239 3157
184 5223 2310
185 5732 3120
186 4694 2651
187 5102 3254
188 5237 2624
189 5225 2326
190 5407 3234
191 5874 3349
192 5012 3028
193 5244 2902
194 5241 2867
195 4740 2666
196 6073 3613
197 4172 2234
198 5030 2028
199 5756 3900
200 4926 3561
201 4728 2464
202 5177 3115
203 4554 3095
204 4958 2989
205 4956 3179
206 4762 2108
207 4821 2878
208 4774 2978
209 5122 2498
210 5394 3123
211 4773 3539
212 5051 2772
213 5451 2946
214 6188 3847
215 5116 2817
216 4547 2519
217 4962 3319
218 5323 3655
219 5688 3325
220 4472 3274
221 4772 3115
222 4658 2559
223 4957 2553
224 5502 3110
225 5097 2994
226 4955 2583
227 5329 2772
228 6045 3572
229 5360 3875
230 5131 3037
231 4314 2243
232 4810 3116
233 5579 2809
234 5457 3261
235 4594 2953
236 5241 2454
237 5041 3295
238 5235 3037
239 4419 2827
240 5474 3422
241 4473 2640
242 5229 2768
243 5288 2313
244 5334 3872
245 4905 2755
246 5680 2646
247 4760 2680
248 4578 2274
249 5268 2789
250 4910 2697
251 5095 3219
252 4839 2451
253 5222 3163
254 5150 3667
255 5405 2569
256 5145 2329
257 5732 3101
258 4827 2883
259 4705 1853
260 5735 3353
261 5810 3254
262 5344 2863
263 5457 3031
264 4303 2275
265 4722 2274
266 4824 2836
267 4366 2806
268 5596 2904
269 4926 3340
270 5116 2679
271 4786 2698
272 4751 0
273 5286 3601
274 4681 2291
275 5203 3490
276 4764 2651
277 5081 3179
278 4400 2431
279 5492 2040
280 4987 2715
281 6246 3947
282 5832 3345
283 4923 0
284 4644 3244
285 4949 3273
286 4685 1893
287 5248 2714
288 4914 2913
289 5275 3600
290 5625 3299
291 4545 3044
292 5280 2861
293 5062 2855
294 5019 2651
295 4967 2496
296 5621 0
297 5447 3439
298 5804 0
299 5324 3063
300 4758 2933
301 4928 2888
302 4797 2821
303 5243 3232
304 5137 2713
305 4667 3234
306 5161 3134
307 5187 3167
308 5060 3286
309 4686 2416
310 4209 1979
311 5438 3574
312 4526 1970
313 5539 3207
314 5734 3877
315 4873 2724
316 5098 3642
317 4397 2439
318 5478 3050
319 4674 2842
320 5111 2303
321 4636 2213
322 5276 2629
323 4699 2305
324 4659 1914
325 4626 2425
326 5527 2524
327 5428 2425
328 4823 2489
329 4819 2936
330 5328 3226
331 4802 2854
332 4515 2974
333 5506 3953
334 4891 3021
335 5826 3230
336 5370 3437
337 4711 3090
338 5759 3967
339 4356 2417
340 5428 2356
341 5869 3820
342 4239 1998
343 4952 3108
344 5206 3343
345 5359 2302
346 5339 3226
347 5018 2321
348 5704 3659
349 4695 2604
350 5604 2732
351 5219 3139
352 5139 3274
353 5289 1779
354 5387 2548
355 4980 2310
356 4693 2327
357 4793 2264
358 4857 3376
359 4905 3005
360 5141 2631
361 4444 2781
362 5295 2749
363 4999 3075
364 4622 2408
365 4206 1649
366 5026 3027
367 5063 2009
368 4881 3190
369 4842 2845
370 5519 3025
371 4879 2366
372 4157 0
373 4605 2068
374 5257 2399
375 6181 2976
376 4853 2830
377 4693 2651
378 5176 2767
379 4717 0
380 4498 0
381 3931 1823
382 5195 3711
383 4930 2776
384 4732 3352
385 5255 3218
386 5003 3180
387 5683 3363
388 5273 2998
389 5118 3215
390 5207 2651
391 4103 2439
392 5029 2554
393 5357 3129
394 5012 2407
395 5229 2789
396 5032 2802
397 5711 3178
398 5534 2469
399 4890 2486
400 4602 2446
401 4851 2603
402 4949 3017
403 5376 3026
404 4705 2923
405 5181 2012
406 4909 2912
407 5231 0
408 5003 1876
409 5253 3223
410 4343 2573
411 4993 2647
412 5438 0
413 4928 2932
414 5513 3270
415 3931 1505
416 4131 2419
417 5199 2859
418 4764 2898
419 4725 1943
420 4325 2426
421 4892 2198
422 4789 2895
423 5503 3856
424 4435 2860
425 4679 2716
426 5155 3263
427 4975 1936
428 5310 3429
429 4993 3546
430 4606 3171
431 4880 2613
432 4733 2656
433 4979 3406
434 5109 3098
435 5090 2967
436 5338 3005
437 4791 2310
438 5190 2455
439 4697 3008
440 5546 2963
441 4437 2647
442 5117 3172
443 5096 2579
444 4286 2138
445 5199 0
446 4548 2297
447 5110 3083
448 5386 2608
449 4155 2819
450 5461 3356
451 5469 3410
452 5135 3346
453 5661 3742
454 5310 2887
455 4747 2222
456 5133 0
457 5652 3770
458 5226 2629
459 5460 3361
460 5250 2339
461 4979 3071
462 5771 3573
463 4520 2682
464 5015 3069
465 4522 3241
466 5513 3713
467 4938 2762
468 4300 2821
469 4794 3240
470 3843 2046
471 4647 2438
472 4516 2653
473 5174 2775
474 5349 3371
475 5341 3033
476 4593 3346
477 4792 2862
478 5338 3909
479 4799 2372
480 4811 3103
481 5085 3113
482 4627 2470
483 4849 2770
484 5397 3767
485 4640 2791
486 5531 3220
487 5928 2986
488 5640 2827
489 4454 2491
490 5244 2720
491 5200 3009
492 5128 2978
493 5559 3468
494 4431 2021
495 4777 2861
496 4115 2994
497 5254 2947
498 4948 3298
499 4874 2767
500 5136 2130
501 5307 3677
502 5843 3106
503 5239 2160
504 5507 2807
505 4684 2557
506 4629 2408
507 4617 3087
508 3905 1929
509 4747 3147
510 4981 2789
511 5828 3102
512 4876 2882
513 5357 2980
514 4291 2325
515 3795 2280
516 5400 2674
517 4986 2261
518 5345 2958
519 5140 2189
520 5087 2470
521 5905 2973
522 4768 2086
523 5306 3250
524 5106 3357
525 5158 3041
526 4707 1830
527 5032 2677
528 4904 3258
529 5042 2752
530 5391 2204
531 5001 3526
532 5865 3254
533 5645 3090
534 5023 3196
535 4995 2530
536 5212 2487
537 5134 2879
538 5156 2897
539 5688 0
540 5386 2492
541 5304 3502
542 5058 3083
543 5110 2310
544 5112 2588
545 4998 3365
546 5224 3101
547 5252 3156
548 5447 3475
549 4677 1914
550 4671 3248
551 4236 2173
552 4659 2545
553 4837 2734
554 5135 2902
555 4750 3232
556 5343 3274
557 5432 3070
558 5070 3132
559 4751 3272
560 4784 2911
561 4897 2905
562 4935 3005
563 4108 2684
564 5149 2908
565 4834 3417
566 5106 2770
567 4466 3111
568 5232 3173
569 4539 2677
570 5545 2883
571 5565 3352
572 4457 2068
573 5301 2507
574 4849 2333
575 5243 3724
576 5108 2330
577 5143 2483
578 4147 1845
579 4995 2829
580 4906 2829
581 4911 3152
582 4993 2202
583 4691 2770
584 4379 2824
585 5204 2869
586 5067 3373
587 5694 2415
588 5155 3164
589 4383 1989
590 4557 2168
591 4831 2148
592 5703 1868
593 5546 3245
594 5026 3422
595 5257 3144
596 4663 2829
597 5520 2862
598 6178 3762
599 5751 2369
600 4713 2767
601 5138 3187
602 5220 2236
603 4640 2719
604 5015 3193
605 5231 2812
606 5040 2489
607 5348 2852
608 3777 1747
609 4877 2507
610 5535 3379
611 5230 2990
612 5069 3296
613 4556 2365
614 5180 2796
615 4895 2916
616 5003 2165
617 4861 2820
618 5791 3249
619 5307 2379
620 5308 3456
621 5290 2592
622 4930 0
623 5018 3232
624 5243 2710
625 4728 2549
626 5536 3805
627 4691 2357
628 5021 3337
629 5186 0
630 5411 3912
631 4891 3337
632 5847 0
633 4781 2740
634 4758 2252
635 4602 2736
636 5360 2218
637 4883 3128
638 5210 2660
639 4595 2762
640 4695 0
641 5159 3201
642 5800 2182
643 4781 2176
644 4486 2500
645 4914 1911
646 5004 3030
647 5477 2957
648 5155 2847
649 5149 2817
650 4794 2872
651 5119 2995
652 5479 2666
653 5583 0
654 5434 3213
655 4999 2728
656 4768 2318
657 4525 2540
658 4735 0
659 5085 3668
660 4647 3038
661 4552 2369
662 4932 2400
663 5196 3715
664 5107 3243
665 5343 3072
666 4797 2638
667 4625 2737
668 5232 2958
669 5348 3137
670 5893 3346
671 5211 3420
672 5052 3290
673 4615 1645
674 4853 3102
675 5466 2686
676 5391 3344
677 5047 2707
678 4414 2430
679 4763 2732
680 4504 2834
681 4918 2770
682 4469 2440
683 5496 3682
684 5181 3342
685 4964 3109
686 4607 2432
687 5070 3531
688 5084 3029
689 5089 2661
690 5020 2896
691 4777 2943
692 5014 3114
693 5292 3385
694 4909 3131
695 5447 3027
696 4687 2801
697 5023 3110
698 5013 2541
699 4478 3118
700 4998 2866
701 5223 0
702 5592 3527
703 4978 2459
704 4987 2619
705 5126 2777
706 5414 3737
707 5299 3358
708 4669 2772
709 5309 2776
710 5402 0
711 4609 3112
712 5503 3288
713 4863 2682
714 4568 3186
715 5294 3410
716 5037 2663
717 5385 4034
718 5045 3166
719 5250 2462
720 4646 2212
721 5679 2927
722 5648 4085
723 5123 2626
724 5444 3238
725 4995 2946
726 5042 2920
727 5446 3146
728 5713 3317
729 5000 3226
730 4392 2973
731 5027 3307
732 5524 3317
733 4753 3062
734 5695 2446
735 4995 2413
736 4718 2694
737 5147 2762
738 4844 3846
739 5565 3435
740 5543 0
741 4382 1512
742 3663 1864
743 5564 3666
744 5127 3087
745 5644 2459
746 5137 0
747 4722 2731
748 4978 2418
749 5193 3288
750 5376 3459
751 5323 3198
752 5393 2908
753 5245 3067
754 4735 2180
755 4698 2357
756 5257 3412
757 4842 3065
758 4813 2078
759 5408 2905
760 5666 2774
761 4957 3063
762 5175 3225
763 5128 0
764 4878 2737
765 5591 2967
766 4726 2499
767 5453 2893
768 5442 3708
769 4810 2832
770 5309 2874
771 5175 2586
772 5294 3738
773 6326 3351
774 4718 2659
775 5302 3033
776 4744 2973
777 4961 2874
778 5358 3968
779 5536 2851
780 4400 2767
781 4798 2600
782 3824 2405
783 6475 4100
784 5163 3068
785 5331 3357
786 5111 3195
787 4623 2286
788 5094 3060
789 5088 2811
790 4795 2945
791 5558 2244
792 4984 2700
793 3908 1829
794 4276 2435
795 5550 2972
796 4935 3415
797 4515 2331
798 5829 3010
799 4990 2728
800 5213 2951
801 5850 2479
802 4639 2985
803 4974 2546
804 5433 3654
805 4865 2470
806 4844 2870
807 5478 2763
808 4527 2503
809 4890 2767
810 5186 3189
811 5319 3574
812 4631 2537
813 4928 2345
814 5686 3418
815 5499 3651
816 6001 3484
817 4939 2232
818 4573 2518
819 5647 3388
820 5069 2914
821 5816 3476
822 4336 2721
823 4524 2705
824 4801 2178
825 5335 2163
826 4766 1942
827 5001 3256
828 4329 2424
829 4928 3361
830 5073 3410
831 5120 2423
832 4431 2504
833 4619 2434
834 4633 2587
835 4562 3348
836 4718 3441
837 4615 2924
838 5036 2406
839 5136 3784
840 4908 2880
841 4483 2505
842 4795 2021
843 5044 3171
844 5153 2143
845 5695 2699
846 5114 2365
847 5071 2065
848 4418 2035
849 4983 0
850 4744 2993
851 5233 2390
852 5565 3208
853 4582 2286
854 4877 3084
855 5335 2922
856 5251 3238
857 4777 3439
858 4806 3234
859 5039 2603
860 5304 3809
861 5728 3162
862 4807 2273
863 5623 0
864 4468 2451
865 4974 2887
866 4835 2389
867 5605 3614
868 5450 0
869 5349 3547
870 5096 3606
871 4913 2602
872 4919 3255
873 4725 3161
874 4706 2881
875 4446 2486
876 5002 2440
877 4965 2832
878 5017 3469
879 4982 2304
880 5410 2785
881 5661 3072
882 4371 2828
883 4536 2639
884 5285 2984
885 4963 2731
886 4478 3021
887 5208 3630
888 4890 2546
889 3987 2303
890 4985 3009
891 5274 2375
892 4995 2469
893 5243 3881
894 4863 2133
895 5074 3286
896 4748 2679
897 5275 2966
898 5361 2383
899 4913 2547
900 4735 3114
901 5768 2920
902 5642 3203
903 4944 3214
904 4746 2288
905 4901 3253
906 4632 2396
907 5204 2910
908 5185 2600
909 5253 3125
910 5014 2868
911 4981 2900
912 5481 3184
913 5704 3614
914 4840 3018
915 5174 2571
916 4949 3410
917 5033 2894
918 5980 3261
919 5283 2299
920 4587 2468
921 5062 3024
922 5154 3485
923 4725 2983
924 4935 2870
925 5607 3840
926 4611 3066
927 5186 3245
928 4949 3012
929 4603 2945
930 4477 3066
931 5749 2972
932 5169 2785
933 4501 2501
934 4782 2957
935 5301 2968
936 5159 2867
937 5187 2697
938 5079 2676
939 4394 1902
940 4400 2015
941 4910 2306
942 4367 3074
943 5269 2959
944 4867 2295
945 4775 2880
946 4875 3304
947 5113 2317
948 4899 2852
949 5539 3178
950 4678 2627
951 5330 3638
952 5241 3242
953 4799 3005
954 4510 2403
955 5290 3293
956 5573 2844
957 4474 2214
958 5098 3442
959 5604 2864
960 5007 2853
961 5131 3238
962 4946 2876
963 4378 2546
964 4947 2837
965 4935 3240
966 4923 2750
967 5524 3660
968 4888 2863
969 4569 2645
970 4989 2308
971 4744 2692
972 4786 2603
973 4759 3146
974 5157 2214
975 4794 2673
976 4095 2422
977 5583 3168
978 5469 0
979 4922 1980
980 4920 2784
981 4944 2448
982 4586 2549
983 4797 2730
984 4431 0
985 5192 3773
986 5061 3132
987 4909 2822
988 5403 3440
989 5026 2786
990 5146 3096
991 4745 2635
992 4593 2174
993 5315 3264
994 5084 2317
995 5290 2938
996 5493 3115
997 4688 2313
998 5207 2898
999 4953 1941
