0 20 1478  0 0 0 0 1 1 0 0 0 0 0 0 1 1 0 0 0 1 0 0
1 20 5181  1 1 1 1 1 1 1 1 1 1 1 1 1 1 1 1 1 1 1 1
2 20 1992  0 0 1 0 0 0 0 1 1 0 0 0 1 0 1 0 0 0 0 0
3 20 4539  1 0 0 1 1 1 1 1 1 1 1 1 0 1 0 1 1 0 1 1
4 20 4649  0 0 0 1 1 1 1 1 0 1 1 1 0 1 1 1 1 1 1 1
5 20 2422  0 1 0 1 1 0 1 0 1 1 0 0 1 1 0 0 1 0 0 0
6 20 5441  1 1 1 1 1 1 1 1 1 1 1 1 1 1 1 1 1 1 1 0
7 20 4764  1 1 1 1 1 1 1 1 0 0 1 0 1 1 0 0 1 1 0 1
8 20 3471  0 1 0 1 0 0 1 1 1 1 1 0 1 0 1 0 0 0 0 1
9 20 1346  0 0 1 0 0 0 0 0 0 1 0 0 0 0 0 0 0 0 1 1
10 20 3572  1 1 0 1 1 1 1 0 1 1 1 1 1 1 1 1 1 1 1 1
11 20 1390  0 0 0 0 0 0 1 0 1 1 0 0 0 0 0 1 0 0 0 0
12 20 5091  1 1 1 1 1 0 0 1 1 1 1 1 1 1 1 1 0 1 1 1
13 20 4855  0 1 1 1 1 1 1 1 1 0 1 1 1 1 1 0 1 0 1 0
14 20 2417  1 1 0 1 1 0 1 0 1 0 0 0 1 0 0 1 0 0 1 1
15 20 5085  1 0 1 1 0 1 1 1 1 1 1 1 0 1 0 1 1 1 1 0
16 20 4207  0 1 1 1 1 1 1 1 1 1 1 0 0 1 1 1 0 1 1 1
17 20 4331  1 1 1 1 0 1 0 1 1 1 1 0 1 0 1 1 0 1 1 0
18 20 4912  1 1 1 1 1 1 1 1 1 1 1 1 1 1 1 1 1 1 1 1
19 20 4503  0 1 1 1 1 1 0 1 1 0 1 1 1 1 1 1 1 1 1 0
20 20 3719  1 0 1 0 0 1 1 1 1 0 1 0 0 1 1 1 0 0 1 1
21 20 1037  0 0 0 1 1 0 0 0 0 0 0 0 0 0 0 0 1 0 0 0
22 20 3240  0 1 0 1 0 0 1 0 1 0 1 0 0 0 1 0 1 0 1 0
23 20 3050  1 0 1 1 0 1 0 1 0 0 1 0 0 0 0 1 1 1 1 0
24 20 3052  0 1 1 0 1 0 0 1 1 1 0 0 1 0 1 0 0 1 1 0
25 20 5212  1 1 1 1 1 1 1 1 1 1 1 1 1 1 1 1 1 1 1 1
26 20 5625  1 0 1 1 1 1 1 1 1 1 1 1 1 1 1 1 1 1 1 1
27 20 4314  1 1 1 1 1 1 1 1 1 1 1 1 1 1 1 1 1 1 1 1
28 20 6006  1 1 1 1 0 1 1 1 1 1 1 1 1 1 1 1 1 1 1 1
29 20 4116  0 0 1 0 0 1 0 1 0 0 1 1 1 0 1 1 1 1 1 1
30 20 2045  1 0 1 1 0 1 0 0 1 1 0 1 0 0 0 0 0 1 0 0
31 20 3100  1 0 0 1 1 1 0 1 0 0 0 0 1 0 1 1 0 0 1 1
32 20 3763  0 1 1 1 1 0 1 0 0 1 1 1 1 0 1 1 0 0 1 1
33 20 4721  0 1 1 1 0 1 1 0 1 1 1 1 0 1 1 1 1 1 1 0
34 20 4886  1 1 1 1 1 1 1 1 1 1 1 1 1 1 1 1 1 1 1 1
35 20 3094  1 1 0 1 0 1 1 1 1 1 1 1 1 0 1 1 1 1 1 1
36 20 4384  0 1 1 0 1 1 1 0 0 0 1 0 0 1 0 1 1 1 1 1
37 20 3902  1 1 1 1 1 1 1 1 1 1 1 0 1 1 1 1 1 1 0 1
38 20 3120  1 1 1 1 1 1 1 1 1 1 1 1 1 1 1 1 1 1 1 1
39 20 5402  1 1 1 1 1 1 1 1 1 1 1 1 1 1 1 1 0 1 1 1
40 20 3778  1 0 0 1 0 0 1 0 1 0 0 1 0 0 1 1 1 0 1 1
41 20 4333  1 1 1 0 1 0 0 0 1 1 1 0 1 1 1 0 1 1 1 1
42 20 4214  0 1 0 0 1 1 1 1 0 1 1 1 1 1 1 0 1 0 0 0
43 20 4026  1 1 1 0 1 0 1 1 1 1 1 1 0 1 1 1 1 1 1 1
44 20 4884  0 1 0 1 1 0 1 1 1 1 1 1 1 0 0 1 1 1 1 0
45 20 4302  1 1 0 0 1 1 1 1 1 1 1 1 1 0 1 1 1 1 1 1
46 20 4094  1 1 1 1 0 1 1 1 1 0 1 1 1 1 1 1 0 1 1 1
47 20 3783  0 1 1 0 0 1 0 1 1 1 1 1 0 1 1 0 1 1 1 1
48 20 3688  0 1 0 0 0 1 1 0 1 0 1 1 0 1 1 0 0 1 1 1
49 20 1872  0 0 0 0 1 1 0 0 1 0 1 1 1 0 1 0 1 0 0 0
50 20 4207  1 1 1 1 1 1 1 1 1 1 1 1 1 1 0 1 1 1 1 1
51 20 2278  0 1 0 0 1 0 0 1 0 0 0 1 1 1 0 1 1 0 0 1
52 20 4847  1 1 1 1 1 1 1 1 1 1 1 1 1 0 1 1 1 0 1 1
53 20 3680  0 1 0 1 1 1 1 1 0 0 1 1 1 1 0 0 1 1 1 0
54 20 3722  1 0 0 1 0 0 1 1 0 1 1 1 1 0 0 1 0 0 0 0
55 20 4585  1 0 1 1 1 1 1 1 1 1 0 1 0 1 1 0 1 1 1 1
56 20 4520  1 1 1 0 1 1 1 1 1 1 1 0 1 1 0 1 1 0 0 1
57 20 3835  1 1 1 0 1 1 0 0 1 0 1 1 1 1 0 0 0 0 1 0
58 20 3584  1 1 1 1 1 1 0 1 1 0 1 1 1 1 0 1 1 1 1 1
59 20 3664  0 0 1 1 0 1 1 0 0 1 1 1 0 0 1 0 0 0 1 1
60 20 4568  1 1 1 1 1 1 1 1 0 1 1 1 1 0 1 1 1 1 1 1
61 20 2415  0 0 0 1 1 1 0 1 0 1 1 0 0 0 0 0 0 1 0 0
62 20 5383  1 1 1 1 1 0 1 1 1 1 1 1 1 1 1 1 1 1 1 1
63 20 1909  1 1 1 0 1 0 0 0 0 0 0 1 0 0 1 0 0 0 0 0
64 20 5643  1 0 1 1 1 1 1 1 1 1 1 1 1 1 1 1 1 1 1 1
65 20 3581  0 1 1 0 1 0 1 1 1 0 1 1 0 0 1 1 1 0 1 1
66 20 1434  0 0 1 0 0 0 0 0 0 0 1 0 0 0 0 1 0 0 0 1
67 20 2914  0 0 0 0 0 1 1 1 0 0 1 0 1 0 0 1 1 0 1 0
68 20 3558  0 0 1 1 0 0 1 1 0 1 0 0 1 1 1 0 1 1 1 1
69 20 4484  1 1 1 1 0 1 1 1 1 1 1 1 1 1 1 1 1 1 1 1
70 20 3792  1 1 1 1 0 0 1 1 0 0 0 1 0 0 1 0 1 1 0 1
71 20 4109  1 1 0 0 0 1 1 1 1 1 1 1 1 1 1 1 1 1 1 1
72 20 4581  1 0 0 1 1 1 1 0 1 1 1 1 1 1 1 1 0 1 0 1
73 20 4176  0 1 1 1 1 1 1 0 1 1 1 0 1 1 0 1 1 1 1 1
74 20 4104  1 1 0 1 1 1 1 1 1 1 1 1 1 0 1 1 0 0 1 0
75 20 4085  1 1 1 0 1 1 0 0 1 1 0 1 1 0 1 1 0 0 1 1
76 20 3718  0 0 1 0 1 1 1 0 0 0 1 1 1 1 0 0 1 1 1 1
77 20 6023  1 1 1 1 1 1 1 1 1 1 1 1 1 0 1 1 1 1 1 1
78 20 4735  1 1 1 1 1 1 1 1 0 1 1 1 1 1 1 0 1 1 1 1
79 20 2634  1 1 1 0 0 0 0 0 1 1 1 0 0 1 1 0 0 1 0 0
80 20 3859  1 0 1 1 1 1 0 1 0 1 1 1 1 0 1 1 0 1 0 0
81 20 2007  0 1 0 1 0 0 0 0 0 0 0 0 1 1 0 0 1 0 1 0
82 20 3684  1 0 1 1 1 1 0 1 1 1 1 1 1 1 0 0 1 1 0 0
83 20 5791  1 1 1 1 0 1 1 1 1 1 1 1 1 1 1 1 1 1 1 1
84 20 2938  0 1 1 1 0 1 0 0 1 1 0 1 1 1 0 1 0 0 0 0
85 20 5204  1 1 1 1 1 1 1 1 0 1 1 1 1 1 1 1 1 0 1 1
86 20 4078  1 1 1 1 1 1 0 1 1 1 1 1 1 1 0 1 1 0 1 1
87 20 1368  1 0 0 0 0 1 0 0 0 1 0 0 0 0 0 0 1 1 0 0
88 20 4001  1 0 1 1 1 0 0 1 1 1 1 1 1 1 1 0 1 1 0 1
89 20 3865  1 0 1 0 1 0 1 1 1 0 0 0 1 1 0 1 0 0 1 1
90 20 1081  0 0 0 1 0 0 0 0 0 0 0 0 0 0 0 0 0 1 1 0
91 20 3785  1 1 1 1 1 1 1 1 1 1 1 1 0 1 1 1 1 1 1 0
92 20 4701  0 1 1 0 1 1 1 0 1 1 1 1 1 0 0 1 0 1 1 1
93 20 4669  1 0 1 1 1 0 1 1 1 1 1 0 1 1 1 1 1 1 0 1
94 20 3395  1 1 0 1 1 1 1 0 1 1 1 1 1 1 1 1 1 0 1 1
95 20 3984  1 0 1 1 1 1 1 1 0 1 1 1 0 1 1 1 1 1 0 0
96 20 2584  1 0 1 0 0 0 0 0 0 0 0 1 1 0 1 0 0 1 0 1
97 20 3087  0 0 1 1 1 0 0 1 0 0 0 0 1 0 0 1 1 1 0 1
98 20 3316  1 1 0 0 0 0 0 1 0 1 1 0 0 1 1 0 1 0 1 1
99 20 3562  1 1 1 0 1 1 1 1 1 1 1 1 1 0 1 1 0 0 1 0
100 20 4210  1 1 1 1 1 1 1 1 1 1 1 1 1 1 1 1 1 1 1 1
101 20 5078  1 1 0 1 1 1 1 0 1 1 1 1 0 1 1 1 1 0 1 1
102 20 4783  1 1 0 1 1 1 1 1 1 1 1 1 1 1 1 1 1 1 1 0
103 20 3186  0 1 1 0 0 1 1 0 1 1 0 1 0 0 1 0 0 0 1 1
104 20 1119  0 0 0 0 0 1 0 0 0 0 0 1 0 1 0 1 1 0 0 0
105 20 1461  0 0 0 0 0 0 0 1 0 0 0 1 1 0 0 1 0 0 1 1
106 20 1541  0 0 0 0 0 0 0 1 0 1 1 0 1 0 0 1 0 0 0 0
107 20 3661  1 1 0 0 0 0 1 1 0 0 0 0 1 0 0 1 1 1 1 1
108 20 4592  1 1 1 1 1 0 1 1 1 0 1 1 1 1 1 1 1 1 1 1
109 20 2538  0 0 0 1 0 1 0 0 1 0 0 1 1 1 0 1 1 1 1 0
110 20 4773  1 1 1 1 1 1 1 1 1 1 1 1 0 1 1 1 1 1 1 1
111 20 4817  1 1 1 1 1 1 1 1 1 1 1 1 1 1 1 0 1 1 1 1
112 20 2339  0 0 1 1 0 1 0 0 0 0 0 1 1 1 0 0 0 0 0 0
113 20 4374  1 0 0 1 0 1 1 1 0 1 0 1 1 0 1 1 0 0 1 1
114 20 4462  0 1 1 0 1 1 1 1 0 1 1 1 1 1 0 0 0 1 0 1
115 20 3635  1 1 1 1 1 1 1 0 0 0 0 1 0 1 1 1 1 0 0 0
116 20 2978  1 1 0 0 0 0 1 1 0 0 1 0 1 1 1 1 0 1 0 1
117 20 2241  0 1 1 0 0 1 0 0 1 0 1 1 1 0 0 0 0 1 0 1
118 20 5710  1 0 1 1 1 1 1 1 0 1 1 1 1 1 1 1 1 1 1 1
119 20 2316  0 0 0 1 0 0 0 0 0 1 1 0 0 0 1 1 1 0 1 0
120 20 4704  1 0 1 1 1 1 1 1 1 0 1 1 1 1 1 0 1 0 1 0
121 20 4703  0 1 0 1 1 1 1 1 1 1 1 0 1 1 1 1 1 1 0 1
122 20 4059  0 1 1 1 0 1 0 0 1 1 1 1 1 0 1 1 1 0 1 0
123 20 1322  0 1 0 0 0 0 1 0 0 1 0 0 0 1 0 0 0 0 1 0
124 20 4772  1 1 1 1 1 1 0 1 1 0 1 1 1 1 1 1 1 1 1 0
125 20 4416  0 1 1 1 1 0 1 0 1 0 1 0 1 1 1 1 1 1 1 1
126 20 4143  1 1 1 0 1 1 1 1 1 0 1 1 1 1 1 1 0 1 1 0
127 20 4045  1 0 1 1 1 0 1 1 1 0 0 0 0 0 1 0 1 1 1 1
128 20 2849  0 1 0 1 0 0 1 1 0 1 0 0 0 1 0 1 0 0 1 0
129 20 6070  1 1 1 1 1 1 1 1 1 1 1 1 1 1 1 1 1 1 1 1
130 20 2897  1 0 1 1 0 0 1 1 1 0 1 0 0 1 0 1 0 0 0 0
131 20 4289  0 1 1 1 1 1 1 1 1 1 0 0 0 1 0 1 1 1 1 0
132 20 5137  1 1 1 1 0 1 1 1 1 1 1 1 1 1 0 1 1 1 1 0
133 20 2672  1 0 0 0 1 0 0 0 0 0 0 1 1 1 0 1 1 1 1 0
134 20 1445  0 1 1 0 0 1 1 1 0 0 0 0 0 0 0 0 0 0 1 0
135 20 2231  0 1 0 0 0 1 1 0 0 1 1 0 0 0 0 0 1 0 1 0
136 20 4816  0 0 1 1 1 1 1 1 1 1 1 1 1 1 1 1 1 1 1 1
137 20 5117  1 1 0 1 1 1 0 1 0 1 0 1 1 1 1 1 1 1 1 0
138 20 3952  1 0 1 1 1 1 1 1 1 1 1 1 1 1 1 0 0 1 1 1
139 20 2207  0 1 0 1 0 0 0 1 1 0 0 0 1 0 0 0 1 1 0 1
140 20 1847  0 0 1 0 1 0 0 0 0 0 0 0 0 0 1 0 0 1 0 1
141 20 5202  1 1 1 1 1 1 1 1 1 1 1 1 1 1 1 1 1 1 1 1
142 20 2499  0 0 1 0 1 0 1 1 1 0 1 0 0 0 0 1 0 0 0 1
143 20 5636  1 1 1 1 1 1 1 1 1 1 1 1 1 1 1 1 1 1 1 1
144 20 4911  1 1 1 1 1 1 1 1 1 1 1 0 1 0 1 1 1 1 0 1
145 20 1996  0 0 0 0 1 0 1 0 0 0 1 0 1 0 0 1 0 0 0 1
146 20 3445  0 1 1 0 0 1 1 1 1 0 1 0 0 1 1 0 1 0 0 1
147 20 3034  1 0 0 0 1 1 0 1 1 0 0 1 0 0 0 1 1 0 1 0
148 20 2892  0 1 0 0 0 0 1 0 1 0 1 0 0 1 0 0 1 1 0 1
149 20 4372  1 1 1 1 1 1 1 1 1 1 1 1 1 1 1 1 1 1 1 1
150 20 4924  1 1 1 1 1 1 1 1 1 1 1 1 1 1 1 1 1 1 1 1
151 20 5146  0 1 0 0 1 1 1 1 1 1 1 1 1 1 0 1 0 1 1 1
152 20 3828  0 1 0 0 0 0 0 1 0 0 1 1 1 1 1 1 1 1 1 0
153 20 4982  1 1 1 1 1 1 1 0 1 1 1 1 1 1 1 1 1 1 1 1
154 20 2216  0 0 0 0 1 0 0 0 1 1 0 0 0 1 1 0 0 0 1 0
155 20 3063  0 0 0 1 1 1 1 0 1 0 1 1 0 1 0 0 0 0 0 1
156 20 2450  1 0 1 0 0 0 0 1 1 0 0 0 0 1 1 0 1 0 0 1
157 20 4420  1 0 1 1 0 1 0 1 1 1 1 1 0 1 1 1 1 1 0 0
158 20 4719  1 1 1 1 1 0 1 1 0 1 1 1 1 1 1 1 1 1 1 1
159 20 2522  0 1 1 1 0 0 0 0 0 0 0 0 0 0 1 1 1 0 0 1
160 20 3798  1 0 1 1 0 0 0 1 1 0 1 0 1 1 1 0 0 0 1 1
161 20 1617  1 0 0 0 1 0 0 0 1 0 0 0 0 0 1 0 0 0 1 0
162 20 3132  1 0 0 0 1 1 0 0 1 1 1 1 1 0 1 0 1 0 0 0
163 20 4156  1 1 0 1 0 0 0 1 1 1 1 1 1 0 0 1 0 1 1 1
164 20 1633  1 0 0 1 0 1 0 0 0 0 0 0 0 1 0 0 1 0 0 0
165 20 3603  1 1 1 0 1 0 1 0 0 1 1 1 0 1 1 0 0 0 0 0
166 20 3785  1 0 1 0 0 0 1 0 0 1 0 0 1 1 1 1 1 0 0 1
167 20 3321  0 1 1 0 0 1 1 1 0 0 1 0 1 0 1 0 0 0 1 1
168 20 3832  1 0 1 0 0 1 1 0 1 1 1 0 0 1 1 0 1 1 1 0
169 20 1279  0 0 0 0 0 1 0 0 1 1 1 0 0 0 0 0 0 0 0 0
170 20 1318  1 1 1 1 1 0 0 0 0 0 0 0 0 0 0 1 0 0 0 0
171 20 5196  1 1 1 1 1 1 1 1 1 1 1 1 0 1 1 1 1 1 1 0
172 20 2216  0 0 0 0 1 0 0 1 0 0 1 1 0 0 0 0 1 1 1 0
173 20 3613  1 0 0 1 1 1 0 0 1 0 1 0 1 1 0 0 1 0 1 1
174 20 5969  1 0 1 1 1 1 1 1 1 1 1 1 1 0 1 1 1 1 1 1
175 20 4731  0 1 1 1 1 1 0 1 1 1 1 0 0 1 1 1 0 1 1 1
176 20 4673  1 1 1 1 1 1 0 1 0 1 1 1 1 1 1 1 1 0 0 1
177 20 4749  1 0 1 1 1 1 1 1 1 0 1 1 1 1 1 0 1 1 1 1
178 20 4628  1 1 1 1 1 1 0 1 1 0 0 1 0 0 1 1 0 1 1 0
179 20 3244  0 1 0 1 1 1 0 0 1 0 0 1 0 0 0 1 0 0 1 0
180 20 3886  0 1 1 1 1 1 1 0 0 1 1 0 1 1 0 0 0 1 0 1
181 20 4629  1 1 1 1 1 1 1 1 0 0 1 1 1 1 1 1 1 1 1 1
182 20 4501  0 1 1 1 0 1 1 1 1 1 1 1 1 0 1 1 1 1 0 1
183 20 4147  1 0 1 1 1 1 0 1 0 1 1 0 0 1 1 0 0 1 0 0
184 20 1707  0 0 1 0 0 1 1 0 0 0 0 1 0 0 0 0 0 0 0 1
185 20 4443  1 1 0 1 0 0 1 1 1 0 1 0 1 1 1 1 1 1 1 1
186 20 5386  0 1 0 1 1 1 1 1 1 1 1 1 1 1 1 1 1 1 1 1
187 20 3551  0 1 1 1 1 1 1 1 1 1 1 1 1 1 1 1 1 1 1 0
188 20 2646  0 1 1 0 0 0 0 1 0 1 0 0 0 1 0 0 1 1 0 1
189 20 3885  1 0 0 1 0 1 1 1 1 1 0 1 1 1 1 0 0 1 1 1
190 20 1911  0 1 0 1 0 0 0 1 0 1 0 0 0 0 1 1 0 1 0 0
191 20 3771  1 1 0 0 1 1 0 0 1 1 1 1 1 1 0 1 0 1 1 0
192 20 4638  1 1 1 1 1 0 1 1 1 1 1 1 1 1 1 1 0 0 1 0
193 20 2387  0 1 0 1 0 0 1 1 0 0 0 1 0 0 0 1 1 0 0 1
194 20 2172  0 1 0 1 0 0 1 1 0 0 0 0 1 1 0 0 0 0 0 1
195 20 3927  1 0 0 1 1 0 0 1 1 1 1 1 1 1 1 0 1 1 1 1
196 20 4392  1 0 1 1 1 0 1 0 1 1 0 0 1 1 0 1 0 0 1 0
197 20 5594  1 1 1 1 1 1 0 1 1 1 1 1 1 1 1 0 1 1 1 1
198 20 3282  0 1 0 0 1 1 1 0 1 0 1 0 1 0 0 1 1 1 1 1
199 20 4894  1 1 0 1 1 1 1 1 1 1 1 1 1 1 1 1 1 1 1 1
200 20 4028  1 0 0 1 1 1 1 1 1 0 1 1 0 0 1 1 1 1 0 0
201 20 3341  1 1 0 1 1 0 1 1 0 1 0 1 0 0 1 0 0 0 0 1
202 20 3399  1 0 0 0 1 1 0 0 1 1 1 0 1 0 0 1 0 1 1 1
203 20 2887  0 0 0 0 0 0 0 0 1 1 1 0 1 1 0 1 1 1 0 0
204 20 3371  0 0 1 1 1 0 0 1 0 1 0 0 1 1 0 1 1 1 1 0
205 20 3696  1 1 1 0 1 0 1 1 0 1 0 1 0 0 0 1 1 1 1 1
206 20 1808  1 0 0 0 0 0 0 0 1 0 1 1 0 1 1 0 0 0 0 0
207 20 2244  1 0 0 1 1 1 1 0 0 1 0 0 1 0 0 0 0 0 0 0
208 20 3582  0 0 1 1 1 1 1 0 1 0 0 1 0 0 0 1 1 0 0 0
209 20 5639  1 1 1 1 1 1 1 1 1 1 1 1 1 1 1 1 1 1 1 1
210 20 5704  1 1 1 1 1 1 1 1 1 1 1 1 1 1 1 1 1 1 1 1
211 20 4133  1 1 1 1 1 1 1 1 1 1 1 1 1 1 1 1 1 1 1 1
212 20 4121  1 0 1 0 1 1 1 1 0 0 1 0 1 0 0 1 1 1 1 0
213 20 3685  1 1 1 1 0 1 0 1 1 1 1 1 1 1 0 1 1 0 1 1
214 20 4766  1 1 1 1 0 1 1 1 0 1 0 0 1 1 1 1 1 0 1 0
215 20 1702  0 1 0 0 0 0 0 1 1 0 0 0 1 0 0 0 0 1 0 0
216 20 5859  1 1 1 1 1 1 1 1 1 1 1 1 1 1 1 1 1 1 1 1
217 20 3934  0 0 1 0 0 1 1 0 1 0 1 0 1 1 1 1 1 1 1 1
218 20 4776  1 1 0 1 1 0 0 1 1 0 1 1 1 0 1 1 1 1 0 1
219 20 4176  1 1 1 1 1 1 1 0 0 1 1 1 1 1 0 0 1 0 1 0
220 20 4379  0 1 1 1 1 1 1 1 1 1 0 1 1 1 1 1 1 1 1 1
221 20 3120  0 0 0 1 0 0 1 1 1 1 1 0 0 1 1 1 0 0 0 1
222 20 4652  1 1 1 1 1 1 1 1 1 1 1 1 1 0 1 1 0 0 1 1
223 20 2714  0 1 1 1 1 0 0 0 1 0 0 0 1 1 1 1 0 0 0 0
224 20 4154  1 0 0 1 1 1 1 0 1 1 0 1 0 1 0 0 0 0 1 1
225 20 2667  0 1 0 0 0 0 1 0 1 1 0 0 1 1 1 0 0 0 1 1
226 20 4023  1 0 0 1 0 0 1 0 1 1 1 1 1 1 0 0 0 1 1 0
227 20 4560  1 1 1 1 1 0 0 0 1 0 1 1 0 0 1 1 0 1 1 1
228 20 5134  1 1 1 1 1 1 1 1 1 1 1 1 1 1 1 0 1 1 0 1
229 20 3621  0 0 1 1 1 0 0 1 1 0 0 1 1 1 1 0 1 0 1 1
230 20 4212  1 1 1 1 1 1 0 0 1 0 0 1 0 1 0 1 0 1 1 0
231 20 4457  1 1 1 1 1 1 1 1 1 1 1 1 1 0 0 1 1 1 1 1
232 20 5197  1 1 1 1 1 1 1 1 0 1 1 1 1 1 1 1 1 0 1 1
233 20 2221  0 0 0 1 0 0 1 1 1 1 0 1 0 0 0 0 0 0 0 0
234 20 1316  0 0 0 1 1 0 1 0 0 0 0 0 0 1 0 0 1 0 1 0
235 20 5364  1 1 1 0 1 0 1 1 1 1 1 0 1 1 1 1 1 1 1 1
236 20 4089  1 1 1 0 0 0 1 1 0 1 1 1 1 1 0 1 0 0 0 1
237 20 4201  1 1 1 0 1 1 0 0 1 1 1 1 0 1 1 1 0 1 1 1
238 20 3218  0 0 1 1 1 1 0 1 0 1 0 1 1 1 1 0 0 1 0 0
239 20 3892  0 1 1 0 1 0 1 1 1 0 0 0 1 1 1 1 1 0 1 0
240 20 3638  1 0 0 0 1 1 1 0 0 1 1 1 1 0 0 1 0 1 1 0
241 20 3360  0 0 1 1 1 0 0 0 1 0 0 1 1 1 1 1 0 1 0 1
242 20 3429  1 0 1 1 1 1 1 0 0 1 0 1 1 1 0 0 0 1 0 0
243 20 2820  1 1 0 0 0 1 0 0 1 0 1 0 0 1 1 0 0 1 0 0
244 20 1708  0 1 0 0 0 0 0 1 0 0 0 0 1 1 0 0 0 1 0 0
245 20 3846  1 1 1 1 1 0 0 1 1 1 1 1 1 1 1 1 1 0 1 0
246 20 2125  0 0 1 0 1 0 1 1 1 0 0 1 0 0 0 1 0 0 0 0
247 20 4377  1 1 1 1 1 0 1 1 1 1 1 1 0 1 1 1 0 1 0 0
248 20 3102  0 1 0 1 1 1 1 1 1 1 0 0 0 0 1 1 0 1 1 1
249 20 6525  1 1 1 1 1 1 1 1 1 0 1 1 1 0 1 1 1 1 1 1
250 20 4054  0 1 1 1 1 1 1 1 1 0 0 0 1 1 0 1 0 0 1 1
251 20 2162  1 0 0 1 0 0 1 0 0 0 0 0 1 0 0 1 1 0 0 0
252 20 1130  0 0 1 0 0 0 0 0 0 0 0 0 0 0 0 0 1 0 1 0
253 20 934  0 0 0 0 1 0 1 0 1 0 0 0 0 0 0 0 0 0 0 0
254 20 4506  0 1 1 1 1 1 1 1 1 1 1 1 1 1 1 0 1 0 1 1
255 20 4585  1 1 1 1 1 1 1 0 1 1 1 0 1 1 1 1 1 0 1 1
256 20 5182  1 1 1 1 1 1 1 1 1 1 1 1 1 1 1 1 1 1 1 1
257 20 4496  0 0 0 1 1 1 1 0 1 0 1 1 0 1 0 1 1 1 1 1
258 20 4011  1 0 1 0 1 1 1 1 1 0 1 1 1 1 1 1 1 1 1 1
259 20 4911  1 1 1 1 1 1 1 1 0 0 1 0 1 0 1 1 0 1 1 0
260 20 4544  1 0 1 1 1 1 1 1 1 1 1 1 0 1 1 1 0 0 1 1
261 20 1662  0 0 0 1 0 0 0 1 0 0 1 0 0 1 0 0 1 0 0 0
262 20 4735  1 1 1 1 1 1 1 1 1 1 1 1 1 1 1 1 1 1 0 1
263 20 3741  0 0 1 1 1 1 1 0 0 1 0 0 0 0 1 0 0 1 1 0
264 20 5453  1 1 1 1 1 1 1 1 1 1 1 1 1 1 1 1 1 1 1 1
265 20 4169  1 0 1 1 0 0 1 1 1 0 0 0 1 0 1 1 1 1 0 1
266 20 4362  1 1 1 1 1 1 1 0 1 1 1 1 1 1 0 0 1 1 1 1
267 20 3557  1 0 1 0 0 1 0 1 0 0 1 1 0 1 0 1 0 0 1 1
268 20 1592  0 1 0 0 0 0 1 0 0 0 0 0 0 0 1 1 0 0 0 0
269 20 4480  1 1 1 1 1 1 1 1 1 1 1 1 1 1 1 1 1 1 1 1
270 20 5402  1 0 1 1 1 1 1 0 1 1 1 1 1 1 1 1 1 0 0 1
271 20 4260  1 1 1 1 1 1 0 0 1 1 1 1 1 0 0 1 1 1 0 0
272 20 3697  0 1 1 0 0 1 1 0 0 1 1 1 1 1 1 0 0 1 0 0
273 20 5396  1 1 1 1 1 1 1 1 1 1 1 1 1 1 1 1 1 1 1 1
274 20 3944  1 1 1 0 1 0 1 1 1 0 0 1 1 1 0 0 1 1 1 1
275 20 5336  1 1 1 1 1 1 1 0 1 1 1 0 1 1 0 1 1 1 1 1
276 20 3474  1 1 1 1 1 1 1 0 1 1 1 1 1 1 1 1 1 1 0 1
277 20 4198  1 1 1 1 1 1 1 1 1 1 1 1 1 1 1 1 1 1 1 1
278 20 4730  1 1 1 1 1 1 0 1 0 0 1 1 1 0 1 1 1 0 1 1
279 20 4719  0 1 0 1 0 1 1 1 0 1 1 1 1 1 1 0 1 1 1 1
280 20 3026  0 0 0 1 1 0 1 0 0 0 1 1 0 0 1 1 0 1 0 0
281 20 1771  1 1 0 1 0 0 0 0 0 0 1 0 0 0 0 1 0 0 1 0
282 20 2358  0 1 0 1 1 0 1 0 0 0 1 0 0 0 0 1 0 0 1 0
283 20 3970  1 1 0 1 0 1 0 1 0 0 1 0 1 1 1 1 0 1 0 1
284 20 4659  1 1 1 1 1 1 1 1 1 1 1 1 1 1 1 1 1 0 1 1
285 20 4522  1 0 1 1 1 1 1 1 0 1 1 0 0 1 0 1 1 0 0 1
286 20 3501  1 1 0 0 0 0 0 1 0 1 1 1 0 1 1 0 1 1 1 0
287 20 3415  0 0 0 1 1 1 0 0 1 0 0 1 1 0 1 0 0 1 1 1
288 20 5487  1 1 0 1 1 0 1 0 1 1 0 1 1 1 1 1 1 1 1 1
289 20 3304  0 1 1 1 0 0 0 0 1 1 0 0 1 1 0 1 1 0 0 1
290 20 4711  0 1 1 0 1 1 1 0 1 1 1 1 0 1 0 1 1 0 1 1
291 20 4277  1 0 1 1 0 0 0 1 1 1 1 1 1 1 1 1 1 1 1 1
292 20 4930  1 0 1 1 1 1 0 1 1 1 1 1 1 1 1 1 1 1 1 1
293 20 3317  0 0 0 1 1 0 1 0 0 0 1 1 0 1 1 0 1 0 1 1
294 20 3371  1 1 0 0 0 0 0 0 0 1 1 1 1 1 1 0 1 0 1 0
295 20 3737  0 1 1 1 0 0 0 1 0 0 1 0 1 0 1 0 0 1 1 1
296 20 4791  1 0 1 1 1 1 1 1 0 1 1 0 1 1 0 1 0 1 1 1
297 20 3577  1 0 1 0 1 0 1 1 1 1 0 0 1 1 0 1 1 0 1 1
298 20 4249  0 0 1 1 0 1 1 1 0 1 1 1 1 0 1 1 1 1 1 1
299 20 4511  1 1 1 1 1 1 1 1 1 1 1 1 1 1 1 1 1 1 1 1
300 20 2134  1 1 0 1 0 0 0 1 0 0 0 0 1 0 1 0 1 0 0 0
301 20 3516  0 1 1 1 1 0 1 1 1 0 0 0 1 0 0 1 1 0 1 0
302 20 3454  1 1 1 1 0 1 0 0 1 0 0 0 0 1 1 1 0 1 1 0
303 20 4667  0 1 1 1 1 0 1 0 1 0 1 0 1 1 1 1 1 1 1 1
304 20 4263  1 1 1 1 1 1 0 1 1 1 1 1 1 0 1 1 0 1 1 1
305 20 3581  0 1 0 1 0 1 0 0 1 1 1 1 0 1 1 0 0 0 0 0
306 20 6313  1 0 1 1 1 1 0 1 1 1 1 0 1 1 0 1 1 1 1 1
307 20 3021  0 1 1 1 1 0 0 1 1 1 1 1 1 1 0 1 1 1 1 1
308 20 4686  1 1 1 1 1 1 1 1 0 1 1 1 1 1 1 1 1 1 1 1
309 20 4724  1 1 0 1 0 1 1 1 1 1 1 1 1 1 1 1 1 1 1 1
310 20 1553  0 0 1 0 0 1 1 1 0 0 0 1 0 0 0 0 0 0 0 0
311 20 3413  0 0 1 0 0 1 0 1 1 1 1 1 1 0 0 1 1 1 0 1
312 20 4184  1 1 1 1 1 1 1 1 1 1 1 1 1 1 1 1 1 1 1 1
313 20 2477  0 0 0 1 0 1 1 0 1 1 1 1 0 1 0 0 0 0 0 1
314 20 4616  1 0 1 0 1 1 1 1 1 1 1 1 1 1 1 1 1 1 1 1
315 20 4056  1 1 0 0 0 1 1 1 1 1 1 1 1 1 1 1 1 0 1 1
316 20 3334  1 1 0 0 0 0 0 1 1 1 1 0 1 1 1 0 0 1 0 0
317 20 5097  1 1 1 0 1 1 1 1 1 1 1 1 1 1 0 1 1 1 1 1
318 20 4427  1 1 1 0 1 1 0 0 0 1 1 1 1 0 1 1 1 1 1 1
319 20 3724  0 0 1 1 1 0 1 1 1 1 1 0 1 0 1 1 0 1 0 0
320 20 2572  1 0 0 0 0 0 0 1 0 1 0 0 0 0 0 1 0 1 0 1
321 20 3103  0 0 0 1 1 0 1 0 1 0 0 1 0 0 0 1 1 0 1 1
322 20 3122  0 1 0 0 0 1 1 1 0 0 0 1 0 0 0 1 1 0 0 1
323 20 4607  1 1 1 1 1 1 1 1 1 1 1 0 1 1 1 1 1 1 1 1
324 20 4502  1 1 1 1 1 1 1 1 1 1 0 1 0 1 1 1 1 1 1 1
325 20 5216  1 1 0 1 1 1 1 1 1 1 1 1 1 1 1 1 1 1 1 1
326 20 4936  0 1 1 1 1 1 1 1 1 1 1 1 0 1 1 1 1 1 0 1
327 20 2695  1 1 0 0 0 1 0 1 0 1 1 0 1 1 0 0 0 0 0 1
328 20 4634  1 1 1 1 1 1 1 1 1 1 1 1 1 1 1 1 1 1 0 1
329 20 4438  1 1 1 1 1 1 1 1 1 0 1 1 1 0 1 1 1 1 1 1
330 20 3208  1 0 1 1 1 1 0 0 0 1 1 1 0 1 0 0 1 1 0 1
331 20 4405  1 1 1 1 1 1 1 1 1 1 1 1 1 1 1 1 1 0 1 1
332 20 4573  1 1 1 1 1 1 1 1 1 1 1 1 1 1 1 1 1 1 1 1
333 20 3182  1 1 0 0 0 1 1 1 0 0 1 0 0 0 1 0 0 0 1 1
334 20 2558  0 0 1 1 0 0 1 1 0 0 0 0 0 0 1 0 1 1 0 0
335 20 4402  1 0 1 1 1 1 1 0 1 1 1 1 1 1 1 0 1 1 0 1
336 20 3034  0 1 1 0 0 1 0 1 0 1 1 1 0 0 1 0 1 0 0 0
337 20 2602  1 0 0 1 0 1 0 0 1 1 1 1 0 1 0 0 0 1 1 0
338 20 4163  1 0 1 0 0 1 1 1 1 1 1 1 0 1 0 1 1 0 1 0
339 20 5495  1 1 1 1 1 1 1 1 1 1 1 1 1 1 1 1 1 1 1 1
340 20 1563  1 0 1 0 0 1 0 0 0 0 0 1 1 0 0 0 0 0 0 0
341 20 4635  1 0 0 1 1 1 0 1 1 1 1 1 1 0 1 1 1 1 0 1
342 20 4403  1 0 0 1 1 0 0 1 1 0 1 1 1 0 1 1 1 1 0 1
343 20 3426  1 0 1 1 0 1 1 1 1 0 1 0 1 0 0 1 0 1 1 1
344 20 5289  1 1 1 1 1 1 1 1 1 1 1 1 1 1 1 1 1 1 1 1
345 20 5684  1 1 1 1 1 1 1 1 1 1 1 1 1 1 1 1 1 1 0 1
346 20 3507  1 1 1 1 0 0 0 0 1 1 1 1 1 0 0 1 0 1 0 1
347 20 4961  0 1 0 0 1 0 1 1 0 1 1 1 0 1 1 1 1 1 1 1
348 20 4854  1 1 1 1 1 1 1 1 1 1 1 1 0 1 1 1 0 1 1 1
349 20 2951  1 0 0 1 0 0 1 1 1 0 0 1 1 1 1 0 0 1 0 0
350 20 5151  1 1 1 1 1 1 1 1 1 1 0 1 1 1 1 1 0 1 1 1
351 20 3402  1 1 1 1 1 1 1 1 1 1 1 1 1 1 1 1 1 1 1 1
352 20 4146  1 0 1 1 1 0 0 1 1 1 1 1 1 0 0 0 1 0 0 1
353 20 1251  0 1 0 0 1 1 0 0 0 0 0 0 0 0 0 0 0 0 0 1
354 20 4999  1 0 1 1 0 1 1 1 1 1 0 1 1 1 1 1 1 1 1 1
355 20 2112  0 1 0 0 0 0 1 1 0 1 0 0 0 1 0 0 0 0 0 0
356 20 1778  0 1 0 0 1 1 1 1 0 0 0 0 0 0 0 0 0 0 0 0
357 20 2765  0 0 0 1 0 0 0 0 0 0 1 0 1 1 1 1 0 0 1 1
358 20 4360  1 1 0 0 1 1 1 1 1 1 0 1 1 1 1 0 1 0 0 1
359 20 3131  1 1 0 0 1 0 1 1 0 0 1 0 1 0 0 0 1 1 1 0
360 20 3713  1 1 1 1 0 1 1 0 1 0 0 1 1 1 0 0 0 1 1 0
361 20 1235  0 1 0 0 0 0 0 0 0 0 0 1 0 1 0 1 0 0 0 0
362 20 1348  0 0 0 0 0 0 0 0 0 0 0 1 0 0 0 1 1 0 0 1
363 20 4979  1 0 1 1 0 1 1 1 1 0 1 1 1 1 0 1 1 1 0 1
364 20 5369  1 1 1 1 1 1 1 1 0 1 1 1 0 1 1 0 1 0 1 1
365 20 3434  1 1 1 1 1 1 1 1 1 1 1 1 1 1 1 1 1 1 1 1
366 20 4086  1 1 1 1 0 1 0 0 1 1 1 1 1 1 1 1 0 1 1 0
367 20 4640  1 1 1 1 0 1 1 1 1 1 1 1 0 0 1 1 0 1 0 1
368 20 3657  1 1 1 1 1 1 1 1 1 1 1 1 1 1 1 1 1 1 1 1
369 20 2265  1 0 1 0 0 0 0 1 0 0 0 0 1 0 0 0 1 0 1 1
370 20 4607  0 0 1 1 0 1 1 1 1 1 1 1 0 1 1 1 0 1 0 1
371 20 3190  0 0 0 0 0 1 1 1 0 1 0 0 1 0 0 1 1 1 1 0
372 20 5689  1 1 1 1 0 1 1 0 1 1 1 1 0 1 1 1 1 1 1 0
373 20 2030  0 0 0 0 0 0 1 1 1 0 0 0 0 1 0 0 0 0 0 1
374 20 3520  1 1 0 0 0 0 1 0 1 1 0 1 0 0 1 0 1 1 0 1
375 20 2424  0 1 0 1 0 0 1 0 0 0 0 0 1 0 0 1 1 0 1 1
376 20 4844  1 1 1 1 0 0 1 1 1 1 1 1 0 1 1 1 1 1 1 1
377 20 4804  1 0 1 1 0 1 0 1 1 0 0 1 0 0 1 1 1 0 1 1
378 20 6044  1 1 1 1 1 1 1 1 1 1 1 1 1 1 1 1 1 1 1 1
379 20 1976  1 0 0 0 0 1 1 0 0 0 0 0 1 0 1 0 0 1 0 1
380 20 5081  1 0 1 1 1 1 1 0 1 1 1 1 1 1 1 0 1 1 1 1
381 20 3208  0 1 0 0 0 0 0 1 1 1 0 1 1 0 0 1 1 0 1 0
382 20 4535  1 1 1 1 1 1 1 1 1 1 1 1 1 1 1 1 1 1 1 1
383 20 4632  1 0 1 1 0 1 1 1 1 1 0 0 1 1 0 1 1 0 1 1
384 20 2668  1 0 0 1 0 0 1 1 1 0 1 0 1 0 0 0 0 1 0 1
385 20 2046  0 1 0 1 0 0 1 0 1 0 0 0 1 0 0 0 0 0 1 0
386 20 4434  1 1 1 1 0 1 1 1 1 1 1 1 1 0 1 0 0 1 1 1
387 20 5361  1 1 1 1 1 1 1 1 1 1 1 1 1 1 1 1 1 1 1 1
388 20 3133  0 1 0 0 1 1 1 0 1 0 1 0 0 0 1 0 1 1 1 1
389 20 2927  0 0 1 1 1 1 0 0 0 1 0 1 0 1 1 1 0 1 0 0
390 20 3303  1 1 0 1 0 0 1 0 1 1 1 1 0 1 0 1 0 0 1 1
391 20 3859  0 1 1 0 1 1 1 0 0 1 1 0 0 1 1 1 0 1 0 1
392 20 4873  0 0 1 1 1 1 1 1 0 1 1 1 1 1 1 1 1 1 1 1
393 20 4730  1 1 0 1 0 1 1 1 1 1 1 1 1 1 1 1 1 1 0 0
394 20 3808  1 1 1 1 0 0 0 0 1 1 1 1 1 1 1 1 0 1 1 1
395 20 4789  1 0 0 1 1 1 1 1 1 1 1 1 1 1 1 1 1 0 1 0
396 20 4241  1 1 1 1 0 1 1 1 0 0 1 1 0 1 1 1 1 0 0 1
397 20 4508  0 1 1 1 1 1 1 0 1 1 1 1 0 0 1 0 1 0 0 1
398 20 5407  1 1 1 1 1 1 1 0 0 1 1 0 1 1 1 1 0 1 1 1
399 20 5189  1 1 1 1 1 1 1 1 1 1 1 1 1 1 1 1 1 1 1 1
400 20 4016  1 0 0 1 1 1 1 1 1 1 1 1 1 1 0 0 1 1 0 1
401 20 5347  0 1 1 1 0 0 0 1 1 1 0 1 1 1 1 0 1 1 1 1
402 20 4267  1 1 0 1 0 0 1 0 1 1 0 1 1 1 0 1 1 1 1 0
403 20 4903  1 1 1 1 1 1 0 0 0 1 0 1 1 1 1 1 1 1 0 1
404 20 5275  1 1 0 1 1 1 1 1 1 1 1 1 1 1 1 1 1 1 1 1
405 20 4687  0 1 1 0 1 1 0 1 1 1 1 0 1 1 1 1 1 1 1 0
406 20 4888  0 0 1 0 1 1 1 1 1 1 0 1 1 1 1 1 1 0 1 1
407 20 5158  1 1 1 1 1 1 1 1 1 1 1 1 1 1 1 1 1 1 1 1
408 20 5132  1 1 1 1 0 1 1 0 1 1 1 1 0 0 0 1 1 1 1 1
409 20 4856  0 1 1 1 1 0 1 1 1 1 1 1 0 1 1 1 0 1 1 0
410 20 5980  1 1 1 1 1 1 1 1 1 1 1 1 1 1 1 0 1 1 1 1
411 20 3492  1 0 1 1 0 0 0 0 1 1 1 0 1 0 1 1 0 1 1 1
412 20 2116  0 0 0 1 0 0 1 1 0 0 0 1 0 0 1 0 1 1 1 0
413 20 4631  1 1 1 1 1 0 1 1 1 1 1 1 1 1 0 1 1 1 1 0
414 20 6352  1 1 1 1 1 1 1 1 1 1 1 1 1 1 1 1 1 1 1 1
415 20 3950  1 0 1 0 1 0 1 1 1 0 1 0 1 1 1 0 0 1 0 1
416 20 2346  0 0 0 1 0 1 0 0 1 1 1 1 1 0 0 0 1 0 0 0
417 20 4283  1 1 0 1 1 0 0 0 1 0 1 1 1 1 0 1 1 1 1 1
418 20 4235  1 1 1 0 1 1 0 1 0 1 0 1 1 1 1 1 1 1 0 1
419 20 5133  0 1 1 1 1 0 1 0 1 1 1 1 1 1 1 1 0 0 1 1
420 20 3450  1 1 1 0 1 0 0 1 0 1 0 0 1 0 1 1 1 0 0 1
421 20 3370  1 1 0 1 1 0 0 0 0 1 1 0 0 1 1 0 0 1 1 0
422 20 4528  1 0 0 1 0 1 0 1 1 1 1 1 0 0 1 0 1 1 1 1
423 20 1717  1 0 0 0 0 1 0 1 0 0 0 0 0 0 0 1 0 0 1 0
424 20 5046  1 1 0 1 0 1 1 1 0 1 1 1 1 1 1 0 1 1 0 1
425 20 3995  1 1 0 1 1 0 0 0 1 1 0 0 1 1 1 1 1 0 0 1
426 20 3325  1 0 1 1 1 0 1 1 1 1 1 1 1 1 1 1 1 1 1 0
427 20 4758  1 1 1 0 1 1 1 1 1 1 1 1 1 1 1 1 1 0 1 1
428 20 3952  0 1 1 0 1 0 0 1 1 1 1 1 1 1 1 0 0 1 1 0
429 20 2807  1 0 1 0 1 1 1 0 0 0 1 1 1 0 0 0 1 1 0 1
430 20 3219  0 0 0 1 0 1 1 0 0 1 0 1 1 0 1 1 0 0 1 0
431 20 4100  1 1 1 1 0 1 1 1 0 0 1 1 0 0 0 0 0 1 1 1
432 20 2581  0 0 1 0 1 0 0 1 0 0 1 1 0 0 0 1 1 0 1 0
433 20 3106  0 0 0 1 1 0 0 0 0 1 1 0 1 1 0 0 1 0 1 1
434 20 3445  1 1 0 0 0 0 0 1 0 1 1 1 1 0 0 0 1 1 0 1
435 20 3766  1 1 1 0 1 1 1 0 0 0 0 1 0 1 0 1 1 0 1 1
436 20 1267  0 0 0 1 0 0 1 0 0 0 0 0 0 1 0 0 1 0 0 0
437 20 5309  1 0 1 0 1 1 1 1 1 1 0 1 1 0 1 1 0 1 1 0
438 20 6282  1 1 1 1 1 1 1 1 1 1 1 1 1 1 0 1 1 1 1 1
439 20 3410  1 0 0 1 1 1 1 0 1 0 1 0 1 0 1 0 0 1 0 1
440 20 4571  1 0 1 1 0 1 1 0 1 1 1 1 0 1 1 1 1 0 0 1
441 20 5971  1 1 1 1 1 1 1 1 1 1 0 1 1 1 0 1 1 1 1 1
442 20 4154  1 1 0 1 0 1 1 1 1 1 1 1 1 0 1 1 0 1 1 1
443 20 4877  0 1 1 1 1 1 1 1 1 1 1 1 1 1 1 1 1 1 1 1
444 20 4556  1 1 1 1 1 0 1 0 1 1 1 1 1 1 1 1 0 0 1 1
445 20 1657  0 0 1 0 0 1 0 0 0 0 1 0 1 0 0 0 1 0 1 0
446 20 3485  1 0 1 0 1 0 0 1 0 0 1 0 1 1 1 1 0 1 0 1
447 20 3216  1 1 0 0 0 0 1 1 0 1 1 0 1 0 1 1 0 0 1 1
448 20 3081  1 1 1 0 1 1 1 1 0 1 0 1 0 0 1 1 0 0 0 0
449 20 2510  0 1 1 0 1 1 1 0 0 1 1 1 1 0 0 0 1 0 0 0
450 20 1721  0 1 0 0 0 0 0 1 0 1 0 0 0 0 0 0 0 1 0 0
451 20 1875  0 0 0 0 0 1 0 0 1 1 0 0 0 0 0 1 0 1 1 0
452 20 2994  0 1 0 0 0 1 0 1 1 0 0 1 0 1 0 1 0 1 0 1
453 20 5185  1 1 1 1 1 1 1 1 1 1 1 1 1 1 1 1 1 1 1 1
454 20 6109  1 1 1 1 1 1 1 0 1 1 1 0 1 0 1 1 1 1 1 1
455 20 3511  1 0 1 0 0 1 0 0 1 1 0 0 1 1 0 0 1 1 1 1
456 20 2995  1 1 0 0 0 0 1 0 1 1 0 1 0 1 1 0 0 0 0 0
457 20 5276  1 1 1 1 1 1 1 1 1 1 1 1 1 1 0 1 1 1 1 1
458 20 3715  0 1 0 1 0 0 1 1 0 1 1 0 0 1 1 1 0 0 1 0
459 20 3762  1 0 0 0 1 0 1 1 1 1 1 0 1 1 0 1 0 0 1 1
460 20 3261  1 1 0 0 1 1 1 0 0 0 1 0 1 1 0 1 1 1 0 0
461 20 3045  1 0 0 0 1 0 0 1 1 0 1 1 0 1 0 1 0 0 1 1
462 20 2056  1 0 0 1 1 0 0 0 0 1 0 1 0 0 1 0 1 1 0 0
463 20 3434  0 0 1 1 1 0 0 0 1 1 1 1 0 0 0 0 1 1 1 1
464 20 3275  1 0 1 1 1 0 0 1 0 1 0 1 1 1 0 0 0 1 0 0
465 20 1471  1 1 0 0 0 0 1 0 0 0 0 0 0 0 0 1 0 0 0 0
466 20 2237  0 0 0 1 0 0 0 1 1 1 0 0 0 1 1 0 0 0 0 0
467 20 3900  1 1 1 1 0 0 1 1 0 1 1 1 1 1 1 0 1 1 1 1
468 20 3786  1 1 0 1 0 1 1 1 1 1 1 0 1 0 1 1 1 1 1 1
469 20 4904  1 1 1 1 0 1 1 1 1 1 1 1 1 1 1 1 1 1 1 1
470 20 2832  1 1 0 1 1 0 1 0 0 1 0 0 0 1 1 0 1 0 0 1
471 20 5239  0 1 1 1 0 1 1 1 1 1 1 1 1 1 1 1 1 1 1 1
472 20 3105  1 1 0 0 0 1 1 0 1 0 0 0 0 0 1 0 1 1 0 1
473 20 4621  1 1 0 0 0 1 1 1 1 0 1 1 1 0 1 1 1 1 0 0
474 20 5333  1 1 1 1 1 1 1 0 1 1 1 1 1 0 1 1 1 1 1 1
475 20 4455  0 1 0 1 0 1 1 1 1 1 1 1 1 1 0 1 1 1 1 1
476 20 3288  0 0 0 0 1 1 0 1 1 1 1 0 1 0 0 1 0 1 1 1
477 20 4316  1 1 1 0 1 1 1 1 0 1 1 1 1 1 1 1 0 1 0 1
478 20 2542  0 1 1 1 1 0 0 1 0 0 0 0 1 1 0 0 0 0 0 1
479 20 5224  1 1 1 1 1 1 1 1 1 1 1 1 1 1 1 1 1 0 1 1
480 20 1907  1 0 0 1 1 0 0 0 0 1 0 0 0 0 0 0 0 0 1 1
481 20 1814  0 0 0 0 0 0 1 0 0 0 1 1 1 0 0 0 0 0 0 1
482 20 4189  1 1 0 1 1 1 1 0 1 0 0 0 0 1 0 1 1 0 1 1
483 20 3970  0 1 1 1 1 1 1 1 0 0 1 1 0 1 1 1 1 1 0 1
484 20 4686  1 1 0 0 1 1 1 0 1 1 0 1 1 1 1 0 1 1 1 0
485 20 2785  0 1 0 0 0 1 1 0 1 0 1 0 1 1 0 1 0 0 0 1
486 20 1845  1 0 1 1 0 0 0 0 1 0 0 0 0 0 0 0 1 0 1 0
487 20 3808  1 1 1 1 0 1 0 1 1 0 1 1 1 1 1 0 1 1 0 1
488 20 4223  1 1 1 1 1 1 0 1 1 1 1 1 1 1 0 1 1 1 1 0
489 20 4865  0 1 1 1 1 0 1 1 0 1 1 1 1 1 1 1 1 1 0 1
490 20 2374  1 0 0 0 1 1 0 1 1 0 0 0 0 1 1 1 0 0 1 0
491 20 4804  1 1 1 1 1 1 0 1 1 1 1 1 0 1 0 0 1 1 1 1
492 20 4693  0 1 0 1 0 1 1 0 1 0 0 1 0 1 0 1 0 1 1 1
493 20 5185  1 1 1 1 1 1 1 1 1 1 1 1 1 1 0 1 1 1 1 1
494 20 2749  1 1 1 1 1 0 0 1 0 0 0 0 0 0 0 1 0 1 0 1
495 20 1726  0 0 1 0 0 0 1 0 0 1 0 0 1 0 0 0 0 0 1 0
496 20 4319  0 1 1 1 1 1 1 1 1 0 1 1 1 1 1 0 1 1 1 1
497 20 934  0 0 0 0 0 0 0 1 0 0 1 0 0 0 0 0 0 0 0 0
498 20 4874  1 1 1 1 1 1 0 1 1 1 1 1 1 0 1 1 1 1 1 1
499 20 4322  1 1 1 1 0 1 1 1 1 1 1 1 1 1 1 1 1 1 1 1
