0 30 1650  0 0 0 0 1 1 0 0 0 0 0 0 1 1 0 0 0 1 0 0 0 0 1 0 0 0 0 0 0 0
1 30 1612  1 0 0 0 0 0 1 0 0 0 1 0 1 0 0 0 0 0 0 0 0 0 0 0 0 0 0 0 0 0
2 30 2492  1 1 0 0 0 1 0 0 1 1 0 0 0 0 0 0 0 1 0 0 0 0 0 0 0 0 0 0 1 0
3 30 4771  1 0 1 1 0 1 0 0 1 1 1 0 1 0 1 1 0 1 0 1 1 0 0 1 0 0 0 1 0 0
4 30 4802  1 1 1 0 1 0 1 1 1 1 1 0 0 1 0 0 0 1 1 0 0 0 0 0 0 0 0 0 1 0
5 30 1908  0 0 0 0 1 0 0 0 0 0 1 0 1 0 0 0 0 0 1 1 0 0 1 0 0 0 1 0 0 0
6 30 5504  1 1 1 1 1 1 1 1 1 0 1 1 1 1 0 0 1 0 0 1 1 1 0 0 0 0 1 0 1 0
7 30 2194  0 0 0 0 1 1 1 0 0 0 1 1 0 0 0 0 0 0 1 0 0 1 0 0 0 0 0 1 0 0
8 30 7885  1 1 1 1 0 1 1 0 1 1 1 1 0 1 1 1 1 1 0 1 1 1 1 0 1 1 0 1 1 1
9 30 8016  1 0 1 1 1 1 1 0 1 1 0 0 0 1 1 1 1 0 1 1 1 1 1 1 1 0 0 1 1 1
10 30 4122  1 0 0 0 1 1 1 1 1 1 1 0 0 1 1 1 1 0 0 0 1 0 0 0 1 0 1 1 0 0
11 30 1593  1 0 0 0 0 1 0 0 0 0 1 0 0 1 0 1 0 0 1 0 0 0 1 0 0 0 0 0 0 0
12 30 3694  0 0 0 1 0 1 0 0 1 1 1 0 0 1 1 0 1 0 0 0 0 1 1 1 0 0 0 0 0 0
13 30 5345  1 0 0 1 1 0 0 1 1 0 1 1 0 0 0 0 1 1 1 0 1 1 1 1 0 1 0 0 1 1
14 30 7057  0 1 1 1 1 1 1 1 0 1 1 1 1 1 1 1 1 0 1 1 1 1 0 1 0 1 1 1 0 0
15 30 1359  0 0 1 0 0 0 0 0 0 0 0 0 1 0 1 0 1 0 0 0 0 0 0 0 0 0 0 0 0 0
16 30 1365  0 0 1 0 0 0 0 0 0 0 0 0 0 0 0 0 1 0 0 0 0 1 1 0 0 0 1 0 0 0
17 30 7230  1 1 1 1 0 1 1 1 1 1 1 0 1 1 1 0 1 1 0 1 1 0 1 1 0 1 1 1 1 1
18 30 7540  1 1 1 1 0 0 1 1 1 1 1 1 1 1 1 0 0 1 1 1 1 1 1 1 1 1 1 1 1 1
19 30 3916  0 0 1 1 0 0 1 1 1 0 1 1 0 1 1 0 0 0 0 0 1 0 0 0 0 1 0 0 1 1
20 30 5164  1 0 1 1 0 0 0 1 1 1 1 1 0 1 1 0 1 0 1 0 0 0 0 0 0 0 1 1 0 1
21 30 7806  1 1 1 0 1 1 0 1 1 1 1 0 1 1 1 1 1 1 1 1 1 1 1 1 1 1 1 1 1 1
22 30 7274  1 1 0 1 1 0 1 0 1 1 1 1 1 1 1 1 0 0 0 1 0 1 0 1 1 1 1 0 1 1
23 30 5582  1 1 1 1 1 1 0 1 1 0 1 1 1 1 0 1 0 0 0 1 0 1 0 1 0 1 1 1 0 0
24 30 7186  0 0 1 1 0 1 0 1 1 0 1 1 1 1 0 0 1 1 0 1 1 1 1 1 1 1 1 0 1 1
25 30 5689  0 0 1 1 1 0 1 0 1 1 1 0 1 0 0 1 1 0 1 0 1 1 1 1 0 1 0 0 0 1
26 30 6554  0 0 0 0 1 0 1 0 1 1 1 0 1 0 1 1 1 1 1 1 1 1 1 1 1 1 1 1 0 0
27 30 6839  1 1 0 1 1 1 0 1 1 1 1 1 1 1 1 1 0 1 1 1 1 1 0 0 0 1 1 1 0 1
28 30 6067  0 1 1 1 1 0 0 0 1 0 0 1 1 1 1 1 0 1 1 1 1 1 0 1 1 0 0 1 1 0
29 30 4356  0 0 0 1 1 0 1 0 1 0 1 0 0 1 1 1 0 1 1 1 0 0 0 1 1 0 0 1 0 1
30 30 4289  0 0 0 1 1 1 0 1 0 0 0 1 0 0 1 1 0 0 0 1 0 0 1 0 0 0 0 1 1 1
31 30 5049  1 1 1 1 1 0 0 0 1 1 1 0 1 0 0 0 1 0 0 1 1 0 0 1 0 0 1 1 1 1
32 30 6086  0 1 1 1 0 0 1 1 0 1 0 0 1 1 1 1 1 0 1 1 0 1 1 0 1 1 0 1 0 1
33 30 5119  0 1 1 1 0 0 1 0 1 0 1 1 1 1 1 0 0 0 1 1 1 1 0 0 0 0 1 1 1 0
34 30 7326  1 1 0 1 1 1 1 1 1 1 1 1 1 1 1 1 1 1 1 1 1 1 1 1 0 1 1 1 1 1
35 30 7327  1 1 1 1 1 1 1 1 1 1 1 1 1 1 1 1 1 1 1 1 1 1 1 1 1 1 1 1 1 1
36 30 7854  1 1 1 1 1 1 1 1 1 1 1 0 1 1 1 1 1 1 1 1 1 1 1 1 1 1 1 1 1 1
37 30 4460  0 1 1 0 0 1 1 1 0 0 0 0 1 0 0 0 0 0 0 1 1 0 1 1 1 1 1 1 0 0
38 30 2183  0 0 0 0 1 0 0 0 0 0 0 1 0 0 0 1 0 1 1 0 0 0 0 0 0 1 1 0 1 0
39 30 3144  0 0 0 1 0 1 1 1 0 0 0 0 0 0 0 0 1 0 0 1 0 0 1 1 0 1 0 0 0 1
40 30 5546  0 0 1 0 0 1 1 1 1 0 1 1 0 1 1 1 0 1 0 1 1 1 1 0 1 0 1 0 0 0
41 30 3427  0 0 0 1 0 1 0 1 0 1 1 0 0 0 0 0 0 1 0 0 0 0 1 0 0 1 0 1 1 0
42 30 4786  0 1 1 1 0 1 0 1 1 0 0 0 1 0 0 1 1 0 0 1 1 1 0 0 1 0 0 1 0 1
43 30 6156  0 1 1 1 0 1 1 1 1 0 0 0 0 1 0 1 0 0 0 1 1 0 1 1 0 1 0 1 1 1
44 30 3171  0 0 1 0 1 0 1 0 0 0 1 0 0 1 0 0 0 0 0 0 1 1 0 1 0 0 1 0 0 0
45 30 7208  1 0 1 1 0 1 1 1 1 1 1 1 1 1 1 1 1 1 0 1 0 1 1 0 1 1 0 1 1 1
46 30 6921  1 0 1 1 1 1 0 1 1 1 1 1 1 1 1 0 0 1 0 1 1 1 1 0 1 1 1 1 1 1
47 30 3994  0 1 0 1 1 0 0 1 1 0 0 1 0 0 0 0 0 0 0 0 0 1 1 0 0 0 0 0 1 1
48 30 6054  1 1 0 1 1 1 0 1 1 0 0 1 1 0 0 1 1 0 0 0 1 1 1 1 1 1 1 0 0 1
49 30 6762  1 1 1 1 1 1 1 1 1 1 1 1 1 1 1 1 1 1 1 1 1 1 1 1 1 1 1 1 1 1
50 30 5111  0 1 1 1 1 0 1 0 0 0 1 0 1 0 0 0 1 0 1 0 1 0 1 1 0 1 1 0 1 1
51 30 6470  1 1 0 1 0 1 1 1 0 0 1 0 1 1 1 0 0 1 0 1 1 1 1 1 1 1 1 1 0 1
52 30 5736  1 1 1 1 0 1 1 0 0 1 0 0 1 0 1 1 1 0 1 0 1 0 1 1 0 1 1 1 0 0
53 30 6296  1 1 1 1 1 1 0 0 1 0 1 1 1 1 1 0 1 1 1 1 1 0 1 1 1 1 1 1 0 0
54 30 2449  0 0 1 1 0 0 0 0 0 0 1 0 0 0 0 0 0 0 0 0 1 0 1 0 0 1 0 0 0 0
55 30 6227  0 1 0 1 0 0 1 0 1 1 1 1 0 1 1 0 1 1 0 1 0 0 1 1 1 1 0 0 1 1
56 30 3164  1 1 0 0 1 0 0 0 0 0 1 0 0 1 0 1 1 1 0 1 0 0 0 0 0 1 0 1 0 0
57 30 7300  0 1 1 1 1 1 1 1 1 1 1 1 0 1 1 1 1 1 0 1 0 0 1 0 1 0 1 0 1 1
58 30 5774  0 1 1 0 1 0 0 1 0 0 0 0 1 0 0 1 1 1 1 1 1 1 0 0 1 0 0 0 1 1
59 30 3451  1 1 1 1 1 0 1 1 0 1 0 1 1 0 0 0 0 1 0 0 0 0 0 0 0 1 0 0 0 0
60 30 6004  1 0 1 1 1 1 1 1 1 1 0 1 1 1 0 0 1 1 1 0 0 0 0 0 1 1 1 0 0 0
61 30 4870  0 1 1 0 1 0 1 0 1 0 1 0 1 1 0 0 0 0 0 1 1 0 1 1 0 1 1 0 0 1
62 30 7732  1 1 1 1 1 1 1 1 1 1 1 1 1 1 1 1 1 1 1 1 1 1 1 1 1 1 1 1 1 1
63 30 5809  1 1 1 1 1 1 1 1 1 1 1 1 1 1 1 1 1 1 1 1 1 1 1 1 1 1 1 1 1 1
64 30 6655  1 1 0 1 1 1 1 1 1 1 1 1 1 1 1 1 1 0 1 1 1 1 1 1 1 1 0 1 1 1
65 30 4692  1 0 0 0 0 0 0 0 1 1 1 0 0 1 0 1 1 0 1 0 0 1 1 1 0 1 0 1 1 0
66 30 7830  1 1 1 1 1 1 1 1 0 1 1 0 1 1 1 1 0 1 1 1 1 0 1 1 1 1 0 1 1 1
67 30 6141  1 1 1 1 1 0 1 1 0 1 0 1 1 1 1 1 1 0 1 1 1 0 1 1 1 0 1 1 1 1
68 30 5864  1 1 1 1 1 0 1 0 0 1 1 0 0 1 0 0 1 1 0 0 1 0 1 1 0 0 1 1 1 1
69 30 6880  1 1 1 1 1 1 1 1 1 1 0 1 1 1 1 1 1 0 1 1 1 1 0 1 1 1 1 0 1 1
70 30 4326  0 0 1 0 0 1 0 0 1 1 1 1 1 1 0 0 0 1 1 0 0 1 1 0 0 1 0 0 1 1
71 30 6175  1 0 1 1 1 1 1 1 1 1 0 1 0 1 1 1 1 0 1 1 1 1 0 1 1 1 1 1 1 1
72 30 5100  1 1 1 0 1 0 0 0 1 1 0 1 1 1 1 0 0 1 0 0 1 1 0 0 0 0 1 0 1 0
73 30 2715  0 1 0 0 0 0 1 0 0 0 0 0 0 1 0 0 0 0 0 1 0 1 0 0 1 1 0 0 1 0
74 30 7499  1 1 1 1 1 1 1 1 1 1 0 0 0 1 1 1 1 1 1 1 1 1 0 1 1 1 1 1 1 1
75 30 6712  1 1 1 0 1 1 1 1 1 1 1 1 0 1 1 1 1 1 1 0 1 1 1 0 0 1 1 0 1 1
76 30 1762  0 1 1 0 0 0 0 0 0 0 0 0 0 0 0 0 0 1 0 0 0 1 0 0 0 0 0 0 1 0
77 30 2629  0 0 0 1 0 0 1 0 1 0 1 0 1 0 1 0 0 0 0 1 1 0 0 0 0 1 0 0 0 0
78 30 4783  1 0 0 0 0 1 0 0 0 1 0 1 1 1 1 0 1 0 0 1 1 1 1 1 0 1 1 0 1 1
79 30 3079  0 1 0 0 0 0 0 0 1 0 0 1 0 1 0 0 0 1 0 1 0 0 0 0 1 0 0 0 1 1
80 30 4975  0 0 0 1 0 1 1 0 1 1 1 0 0 1 0 1 1 0 0 0 0 0 1 1 1 1 1 0 1 0
81 30 7372  1 1 1 1 1 1 1 1 1 1 1 1 1 1 1 1 1 1 1 1 1 1 1 1 1 1 1 1 1 1
82 30 6887  1 1 1 1 1 1 1 0 1 1 1 1 1 0 1 1 1 1 1 1 1 0 1 0 1 0 1 1 0 1
83 30 8318  1 1 1 1 1 1 1 1 1 1 0 1 1 1 0 1 1 1 1 1 1 1 1 1 1 1 1 1 1 1
84 30 7130  1 1 1 0 1 1 1 1 1 1 1 1 0 1 1 1 1 1 0 1 1 1 0 1 0 0 1 1 1 1
85 30 4225  0 1 0 1 0 1 0 0 0 0 1 1 1 0 1 1 0 1 1 1 0 0 0 0 0 1 0 1 1 1
86 30 7265  1 1 1 1 1 1 1 1 1 1 1 0 1 1 1 0 1 0 1 1 1 1 0 0 1 1 0 1 1 1
87 30 7500  1 1 1 1 1 1 1 1 1 1 1 1 1 1 1 1 1 1 1 1 1 1 1 1 1 1 1 1 1 1
88 30 2895  0 0 0 0 0 1 1 1 0 0 1 0 0 0 1 0 0 0 0 1 0 0 0 1 1 0 0 1 0 0
89 30 7190  1 1 1 1 1 1 1 1 1 1 1 1 1 1 1 0 1 1 1 1 1 1 1 1 1 1 1 1 1 1
90 30 3594  1 1 0 1 1 0 0 0 1 1 0 0 1 0 0 0 0 0 0 0 1 0 0 0 1 0 0 1 1 1
91 30 7128  0 1 1 1 1 1 0 1 1 0 1 0 1 1 1 1 0 0 1 1 1 1 1 1 1 1 1 1 1 1
92 30 3995  1 0 1 0 0 0 0 1 1 0 1 0 0 1 1 1 1 0 0 0 0 0 1 0 0 0 0 1 0 1
93 30 4470  1 1 0 0 1 1 1 0 1 1 1 1 0 0 1 0 1 0 0 0 1 1 0 0 0 1 0 0 0 1
94 30 3846  0 0 0 0 0 1 0 1 0 1 0 0 0 0 0 0 0 1 0 0 0 1 1 1 0 1 1 1 1 0
95 30 2689  0 0 0 0 0 1 1 1 0 0 0 0 0 0 1 0 0 0 0 1 1 0 0 0 0 1 0 0 0 0
96 30 4840  0 1 1 0 0 1 1 1 1 0 0 1 1 1 1 1 0 0 0 1 0 0 0 1 1 1 0 1 0 0
97 30 7070  1 0 1 1 1 1 1 0 0 1 1 1 1 0 1 0 1 0 1 1 1 1 1 1 1 0 1 1 1 1
98 30 5476  1 1 1 0 0 1 0 1 0 1 1 1 1 0 1 0 0 1 1 0 1 0 0 1 1 1 1 1 1 1
99 30 6907  0 1 1 0 0 1 0 0 0 1 1 0 1 1 1 1 1 1 1 1 0 1 1 1 0 1 1 1 1 1
100 30 7682  1 1 1 1 1 1 1 1 1 1 1 1 1 1 1 1 1 1 1 1 1 1 1 1 1 1 1 1 1 1
101 30 2283  0 0 0 0 0 0 0 0 1 1 0 0 1 0 0 0 0 0 0 0 0 1 0 0 1 1 0 0 1 0
102 30 3416  1 0 0 1 0 0 1 0 0 0 0 0 1 0 0 0 1 1 0 1 0 0 1 0 0 1 0 0 1 0
103 30 7257  1 1 1 1 1 1 1 1 1 1 1 1 1 1 1 1 1 1 1 1 1 1 1 1 1 1 1 0 1 1
104 30 6742  0 1 1 1 1 1 1 1 1 1 1 0 0 1 1 1 1 0 1 1 1 0 1 1 1 1 1 1 1 0
105 30 6406  1 1 1 1 1 0 1 1 0 1 0 1 1 1 1 1 1 1 1 1 1 1 1 1 1 1 1 1 0 1
106 30 6877  1 1 1 1 0 1 1 1 1 1 1 0 1 1 0 1 0 1 1 0 1 1 1 1 1 1 0 1 1 0
107 30 3931  0 1 0 1 0 1 0 0 0 0 1 1 1 0 0 1 0 0 0 1 1 1 1 1 0 1 1 0 1 0
108 30 6048  0 0 0 0 0 1 1 1 0 1 0 1 1 0 0 0 0 1 1 1 0 1 1 1 1 0 0 1 1 1
109 30 4813  1 1 0 1 1 1 0 0 0 0 0 1 0 1 1 1 1 1 0 0 1 0 0 0 0 1 0 0 1 1
110 30 3061  0 0 0 1 0 1 0 1 0 0 1 0 1 0 1 0 0 0 1 0 1 0 0 1 0 0 0 0 0 0
111 30 3066  0 1 0 1 0 0 0 1 0 0 1 1 0 0 0 0 0 1 1 0 1 0 0 1 0 1 0 0 0 0
112 30 7799  1 1 1 1 1 1 1 1 1 1 1 1 1 1 1 1 1 1 1 1 0 1 1 1 1 1 1 1 1 1
113 30 4786  0 1 1 0 1 0 1 0 0 0 1 1 0 0 0 1 1 0 1 0 0 1 0 1 0 0 1 1 1 1
114 30 7015  1 1 1 1 1 1 1 1 1 1 1 1 1 1 1 1 1 1 1 1 1 1 0 1 1 1 1 1 1 0
115 30 3473  1 0 1 0 1 1 0 0 0 1 0 1 0 0 0 0 1 0 0 1 1 0 0 0 1 0 0 0 0 1
116 30 8643  1 0 0 1 1 1 1 1 1 1 1 1 1 1 1 1 1 1 1 1 1 1 1 1 1 1 1 1 1 1
117 30 6572  1 1 1 0 1 0 1 0 1 1 1 0 1 1 1 0 1 0 1 0 1 1 1 1 1 0 1 1 1 1
118 30 4311  0 0 0 1 0 0 0 0 1 0 0 1 1 0 1 0 1 0 0 0 1 1 0 0 1 1 0 0 1 0
119 30 3455  0 1 0 0 1 1 1 0 0 0 0 1 0 0 0 1 0 1 0 1 1 1 0 0 0 1 1 0 0 0
120 30 2011  1 0 0 0 1 0 1 1 0 0 0 0 0 0 0 0 0 0 0 0 0 0 0 0 0 0 0 0 0 1
121 30 4529  0 1 1 1 1 0 0 0 1 1 1 0 0 1 1 0 0 0 1 1 1 0 0 0 0 1 0 0 0 0
122 30 4427  0 1 0 0 1 1 0 0 0 1 0 1 1 0 0 1 1 0 0 1 1 1 1 0 0 0 0 1 0 1
123 30 5084  1 0 1 1 1 0 0 0 0 1 1 0 0 1 1 0 0 1 0 0 0 0 1 1 0 0 1 0 0 1
124 30 8330  1 1 1 1 1 1 1 1 1 1 1 1 1 1 1 1 1 1 1 1 1 1 1 1 1 1 1 1 1 1
125 30 5391  1 1 1 0 1 1 1 1 0 1 1 0 0 1 1 1 0 1 1 1 1 0 1 0 1 0 0 1 1 1
126 30 7676  1 1 1 0 1 1 1 1 1 0 1 1 1 1 1 0 0 1 1 1 1 1 1 0 1 1 1 1 1 0
127 30 2653  0 0 0 0 0 0 1 0 1 0 0 0 1 1 1 0 0 0 0 1 1 0 0 0 0 0 0 1 1 0
128 30 5818  1 0 0 0 0 1 1 0 1 0 0 1 0 1 0 1 1 1 0 1 0 0 1 1 1 1 1 0 1 1
129 30 2891  0 0 0 0 1 1 0 1 0 0 0 0 0 1 0 0 0 0 1 0 0 1 0 1 0 1 1 0 1 1
130 30 1572  0 0 0 0 0 0 0 0 0 0 0 0 0 0 0 1 0 0 1 1 0 0 0 0 1 1 0 0 0 0
131 30 5047  0 0 1 0 0 1 1 0 0 0 1 0 1 1 0 1 1 0 1 1 1 1 1 0 1 0 1 1 1 0
132 30 4350  1 1 0 0 0 1 0 1 0 0 0 0 0 0 0 0 1 1 1 1 0 0 0 0 1 0 1 1 0 0
133 30 5204  0 1 0 0 1 0 0 1 0 1 1 0 1 1 0 0 1 1 1 0 1 0 1 0 0 0 1 0 0 1
134 30 6629  1 0 1 1 1 0 1 0 1 1 1 0 1 1 0 1 1 1 1 1 1 1 0 1 1 0 0 1 0 0
135 30 5600  1 1 0 1 1 1 1 1 0 1 1 0 1 0 1 0 1 1 1 0 0 0 1 0 1 0 1 0 0 1
136 30 3868  0 1 1 1 1 1 0 0 1 0 1 1 0 0 0 1 0 1 0 0 0 0 0 0 0 0 1 0 1 0
137 30 1993  0 0 0 0 0 0 1 1 0 0 0 1 1 0 0 0 0 0 0 0 1 0 0 0 0 1 1 0 0 0
138 30 5537  1 1 0 0 1 1 1 1 1 1 1 0 1 0 1 1 0 0 0 0 0 0 1 0 1 1 1 1 1 1
139 30 2986  0 0 1 0 0 0 0 0 1 1 1 0 0 1 0 0 0 0 0 0 0 0 0 0 1 1 1 0 1 0
140 30 7532  1 1 1 0 0 1 1 1 1 1 1 1 1 0 1 1 1 1 0 1 1 1 0 1 1 0 1 0 1 1
141 30 6705  1 1 1 1 1 1 1 1 1 1 1 1 1 1 1 1 1 0 1 1 1 1 1 1 1 1 1 1 1 0
142 30 7057  0 1 1 1 0 0 1 1 1 1 0 1 0 1 1 1 0 1 1 1 1 1 1 1 0 1 1 1 1 1
143 30 3966  0 0 1 0 1 0 1 0 0 0 0 0 0 0 0 1 0 0 0 0 1 1 0 0 1 1 1 1 1 0
144 30 3978  1 0 1 0 0 0 0 0 0 1 1 1 0 1 0 0 0 0 0 0 0 0 1 1 1 0 0 1 1 0
145 30 5990  0 0 1 0 0 1 0 1 1 0 1 1 0 1 1 1 1 1 1 1 1 1 1 1 1 1 0 0 1 0
146 30 6917  0 1 1 1 0 1 1 1 1 1 1 1 1 1 1 1 1 1 0 1 1 0 0 1 1 0 0 1 1 1
147 30 1210  0 0 0 0 0 0 0 0 0 1 0 0 0 0 0 1 0 1 0 0 0 0 1 0 0 0 1 0 0 0
148 30 3430  1 0 1 1 0 0 0 1 1 1 0 1 0 0 0 0 1 1 0 0 0 1 0 0 1 0 0 0 0 0
149 30 6502  1 1 1 1 1 1 1 1 1 1 1 1 1 1 1 1 1 1 1 0 1 1 1 1 1 1 1 1 1 1
150 30 7916  1 1 1 1 0 1 1 1 1 1 1 1 0 1 1 1 1 1 1 1 1 1 1 1 1 1 1 0 1 0
151 30 4104  0 0 0 1 1 0 1 0 1 0 0 0 0 1 0 0 1 0 0 1 0 1 1 0 0 1 1 0 0 1
152 30 3514  0 0 0 1 0 1 0 0 1 1 0 0 0 0 1 0 0 1 0 0 1 0 1 0 0 1 0 0 1 0
153 30 7917  1 1 1 0 1 1 1 1 1 0 1 1 1 0 1 1 1 1 1 1 1 0 1 0 1 0 1 1 0 0
154 30 4750  1 0 1 0 1 1 1 0 0 0 0 0 1 0 0 0 1 0 1 0 1 1 1 1 0 0 1 0 0 0
155 30 6664  1 1 1 1 1 1 0 1 1 0 1 1 1 1 1 1 1 1 1 1 1 0 0 1 0 1 1 1 1 1
156 30 2944  1 1 0 0 1 0 0 0 1 0 1 0 0 0 0 0 1 0 0 1 0 0 0 1 0 0 0 0 1 0
157 30 3986  0 1 0 0 0 0 1 0 1 1 0 1 1 1 0 1 0 0 0 0 1 0 0 0 0 1 1 0 1 0
158 30 2636  0 1 0 0 0 1 0 0 1 0 0 0 0 0 0 0 0 0 1 0 1 0 0 0 0 1 1 0 0 0
159 30 5567  0 0 1 1 0 1 0 0 1 1 1 0 0 1 1 0 0 0 1 1 1 0 0 1 1 0 1 1 1 1
160 30 4934  0 1 1 0 1 0 1 0 1 0 1 1 1 1 0 0 1 0 0 1 1 1 1 0 0 1 0 1 0 0
161 30 5490  0 1 1 1 1 1 0 1 0 1 0 1 1 0 0 0 0 0 1 0 1 1 0 1 1 1 1 1 0 0
162 30 4549  1 1 1 1 0 0 0 0 1 0 1 0 1 0 1 0 1 1 0 1 0 0 1 1 1 1 1 0 0 1
163 30 7182  1 1 1 0 1 1 1 1 1 1 1 1 1 1 1 0 1 0 1 0 1 0 0 1 1 0 0 1 0 0
164 30 5695  1 1 0 0 0 1 1 1 0 0 1 0 1 1 1 0 1 1 0 0 0 1 0 1 1 1 1 1 1 0
165 30 3355  0 0 1 1 0 0 0 0 0 0 0 0 1 1 0 1 0 1 0 1 0 0 1 0 0 0 1 0 0 0
166 30 6006  1 1 1 1 1 0 1 1 1 1 1 1 1 1 1 1 1 1 1 1 1 1 1 1 1 1 1 1 1 1
167 30 9478  1 1 1 1 1 1 1 1 0 1 1 1 1 1 1 1 1 1 1 1 0 1 1 1 1 1 1 1 1 1
168 30 6881  1 0 1 1 1 1 1 1 1 1 0 1 0 0 1 0 1 0 0 1 1 0 1 1 0 1 1 1 1 0
169 30 4685  0 0 0 1 0 1 1 1 0 1 0 0 0 1 0 0 1 1 0 1 0 0 1 0 0 0 0 0 1 1
170 30 4480  1 0 0 1 1 1 0 1 0 1 0 0 0 0 0 1 1 1 0 0 1 0 0 0 1 1 0 0 1 0
171 30 5609  0 1 1 1 1 0 1 1 1 0 1 0 1 1 1 1 0 1 1 0 1 1 1 0 0 0 1 1 1 0
172 30 5719  0 1 1 0 1 0 0 0 1 1 0 0 1 0 1 0 1 1 0 0 1 1 1 1 0 0 1 1 0 1
173 30 6587  1 0 1 1 0 1 0 1 1 1 1 1 1 1 0 1 1 1 1 0 1 0 1 1 0 0 0 1 1 1
174 30 5000  0 1 0 1 0 1 0 1 1 0 1 0 1 0 1 1 1 1 0 0 1 1 1 1 0 0 0 1 1 0
175 30 8159  1 0 0 1 1 1 0 1 1 1 1 1 0 1 1 1 1 0 0 1 1 1 1 1 1 1 1 1 0 1
176 30 7330  1 1 1 1 1 1 1 1 0 1 1 1 1 1 1 1 1 1 1 1 1 1 1 1 1 1 1 1 1 1
177 30 4836  0 1 1 1 0 0 0 1 0 0 1 1 0 1 1 0 1 0 0 1 1 1 0 0 0 1 0 0 1 0
178 30 6961  1 1 1 0 1 1 0 1 1 1 1 0 1 0 1 1 1 0 0 0 1 1 1 1 1 0 1 0 1 0
179 30 4641  0 1 1 1 0 1 1 0 1 0 0 0 1 1 1 0 0 0 0 0 0 1 0 0 1 1 0 0 0 1
180 30 7508  1 1 1 1 1 1 1 1 1 1 1 1 1 1 1 1 1 1 1 1 1 1 1 1 1 1 1 1 1 1
181 30 5136  0 0 0 1 1 0 1 1 0 0 0 1 1 0 1 0 1 1 1 1 0 1 1 0 1 1 1 0 1 1
182 30 7263  1 1 0 1 1 1 1 1 1 1 1 1 1 0 1 1 1 1 1 0 1 1 1 1 0 1 1 1 1 0
183 30 3765  1 1 1 0 0 0 0 0 0 0 1 1 1 0 0 0 0 0 1 0 0 1 1 0 1 0 0 0 0 0
184 30 6277  1 1 1 0 1 1 1 1 0 1 0 1 1 1 0 1 0 1 1 0 0 1 1 1 1 1 0 1 0 1
185 30 6511  1 1 0 1 1 1 0 1 1 0 0 1 1 1 1 1 1 1 1 1 1 1 1 1 1 0 1 1 1 1
186 30 7164  1 1 1 0 1 0 1 1 1 1 1 1 0 1 1 1 1 1 1 1 1 1 1 1 1 1 1 1 1 1
187 30 2892  0 0 0 0 1 0 0 0 0 0 1 0 1 0 0 0 0 1 0 1 0 1 1 1 0 0 0 1 1 0
188 30 2158  1 0 0 0 1 0 0 0 0 0 0 0 0 0 0 0 1 1 0 0 1 0 0 0 0 0 0 1 0 0
189 30 3964  0 0 1 0 0 0 1 1 0 1 0 1 1 0 1 0 0 1 1 0 1 1 1 0 1 0 1 1 0 1
190 30 3393  0 1 0 0 1 0 1 1 0 0 1 1 0 0 0 0 0 0 0 0 0 0 1 0 0 0 1 1 0 0
191 30 3848  1 1 1 0 0 0 1 0 0 0 1 1 0 0 0 0 1 0 0 1 0 1 1 1 1 0 1 0 0 0
192 30 8245  1 1 1 1 1 1 1 1 1 1 1 1 1 1 1 1 1 1 1 1 1 1 0 1 1 1 1 1 1 1
193 30 6877  1 1 1 0 1 1 1 1 1 1 1 1 1 0 1 1 1 1 1 0 1 1 0 1 0 1 0 1 0 1
194 30 8208  1 1 1 1 1 1 1 1 1 1 1 1 1 1 1 1 1 1 1 1 1 1 1 1 1 1 1 1 1 1
195 30 3688  1 0 0 1 1 1 0 0 0 1 1 0 1 0 0 1 0 0 0 0 0 0 0 0 0 0 0 1 1 0
196 30 7264  1 1 1 0 1 1 1 1 1 0 1 0 1 1 0 1 1 1 0 1 1 1 1 1 1 1 1 1 1 1
197 30 5863  0 1 1 0 1 0 1 0 1 1 1 1 1 0 1 0 1 1 1 0 1 0 1 0 1 0 1 0 0 1
198 30 6364  1 1 1 0 1 1 1 0 0 1 1 1 1 0 1 0 1 1 1 1 1 1 0 1 1 0 1 0 0 1
199 30 6833  1 1 1 1 1 1 1 1 1 1 1 0 1 0 1 0 1 1 1 1 1 1 0 1 1 1 1 1 1 0
200 30 6545  1 1 1 1 1 1 1 1 0 0 1 1 1 1 1 1 1 1 1 1 1 1 0 1 1 1 1 1 1 0
201 30 7173  1 1 1 1 1 1 1 1 1 1 1 1 1 1 1 1 1 1 1 1 1 1 1 1 1 1 1 1 1 1
202 30 5556  0 1 1 1 0 1 1 1 0 1 1 0 1 1 0 1 1 0 1 0 1 0 0 1 1 0 1 1 1 1
203 30 6043  1 1 1 1 0 1 1 1 1 0 1 1 1 1 1 1 1 1 1 1 1 1 1 1 1 0 1 0 1 0
204 30 4630  0 1 1 1 1 1 0 1 0 0 0 1 1 1 1 0 0 0 1 1 1 0 0 0 0 1 0 0 0 0
205 30 4646  0 0 0 0 0 0 0 1 1 1 1 1 0 1 0 0 0 0 0 0 0 1 1 0 0 1 1 1 0 1
206 30 3840  1 0 1 1 0 0 1 1 1 1 0 0 0 0 0 0 0 0 1 0 0 0 0 0 1 0 0 0 1 0
207 30 3096  0 0 1 0 1 0 0 1 0 1 0 0 1 1 1 0 0 0 0 1 1 0 0 0 0 0 1 0 0 0
208 30 5695  1 1 1 0 1 1 1 0 1 0 0 1 1 1 0 1 1 1 1 0 1 1 1 0 1 1 1 1 1 1
209 30 6624  0 0 1 1 1 1 1 1 1 1 1 1 1 1 0 1 1 1 1 1 1 1 1 1 1 1 0 1 0 1
210 30 6330  1 1 1 1 1 1 1 1 1 1 1 1 1 1 1 1 1 1 1 1 1 1 1 1 1 1 1 1 1 1
211 30 6214  1 1 1 1 1 1 1 0 1 1 1 1 1 1 1 1 1 1 1 1 1 1 1 1 1 0 0 1 1 1
212 30 6146  1 1 0 0 0 1 0 1 0 0 1 1 1 1 0 1 0 0 0 1 1 1 1 0 1 1 1 1 1 1
213 30 7652  1 1 1 1 0 0 1 1 1 1 1 1 1 1 1 1 0 1 1 1 1 1 1 1 1 1 1 1 1 1
214 30 6294  0 0 1 0 1 0 1 1 1 1 1 0 0 1 1 0 0 1 1 1 0 1 1 0 1 0 1 0 1 1
215 30 7587  1 1 1 1 1 1 1 0 1 1 1 0 1 1 1 1 1 1 1 1 1 1 1 1 1 1 1 1 1 1
216 30 4134  1 0 0 1 0 1 0 0 0 1 0 0 1 1 0 0 0 0 1 1 1 0 0 0 1 0 0 1 1 1
217 30 7064  1 1 0 1 1 1 1 1 1 1 1 1 1 1 0 1 1 0 1 1 1 1 1 0 1 1 1 1 1 1
218 30 3944  0 0 1 0 1 0 0 0 0 0 1 0 0 0 1 1 0 0 1 0 1 1 1 0 0 1 0 1 0 1
219 30 7819  1 1 1 1 1 1 1 1 1 1 1 1 1 1 1 1 1 1 1 1 1 1 1 1 1 1 1 1 1 1
220 30 8394  1 1 1 1 1 1 1 1 1 1 1 1 1 1 1 1 1 1 1 1 1 1 1 1 1 1 1 1 1 1
221 30 5786  1 1 1 1 1 1 0 0 1 0 1 1 0 0 0 1 1 0 0 0 1 1 1 0 0 1 1 1 0 1
222 30 5491  1 1 1 1 1 1 0 1 0 0 1 1 0 1 0 1 1 0 1 1 0 1 1 1 0 1 1 1 1 1
223 30 6044  1 0 1 1 1 1 1 1 1 1 1 1 1 1 1 1 1 1 1 0 1 1 1 1 1 1 1 1 1 1
224 30 3610  1 0 0 1 1 1 0 0 0 0 1 1 1 0 0 0 0 1 1 0 0 1 1 0 0 0 0 0 0 1
225 30 5851  1 1 0 0 1 1 0 1 1 1 1 1 0 1 1 1 1 1 1 1 0 1 0 0 1 0 1 0 0 1
226 30 6363  1 1 1 1 1 1 1 0 1 1 0 1 1 0 1 1 1 1 0 0 1 1 1 0 1 1 1 0 1 1
227 30 4059  0 0 1 0 0 0 1 0 0 0 0 0 1 1 0 0 1 1 0 1 0 0 0 1 0 1 1 0 0 0
228 30 7900  1 1 1 1 1 0 1 1 1 1 1 1 1 1 1 1 1 0 1 1 1 1 1 1 1 1 0 1 1 1
229 30 8532  1 1 1 1 1 1 1 1 1 1 1 1 1 1 1 1 1 1 1 1 1 1 1 1 1 1 1 1 1 1
230 30 7231  1 1 1 1 1 1 1 1 1 0 1 1 1 1 0 1 1 1 1 1 1 1 1 1 1 1 1 1 1 1
231 30 6223  0 1 0 1 1 1 1 1 0 1 1 1 0 0 0 0 0 0 0 1 1 1 1 1 0 1 1 1 1 1
232 30 5712  1 0 1 1 0 1 1 1 0 1 0 0 0 0 1 1 1 1 0 1 1 0 0 0 0 1 1 1 1 0
233 30 7410  1 1 1 1 0 0 0 0 1 1 0 0 0 1 1 1 1 1 1 0 1 1 1 1 1 1 1 1 1 1
234 30 4083  0 0 0 0 0 0 1 0 0 0 1 1 0 0 1 1 1 0 1 1 1 1 0 1 0 1 0 0 0 0
235 30 6296  1 1 0 1 1 0 1 1 1 1 1 1 1 0 1 1 0 1 1 1 1 0 0 1 1 1 1 1 1 1
236 30 2311  0 0 1 0 1 1 0 0 1 0 0 0 0 0 0 0 1 0 1 0 0 0 0 0 0 0 0 1 0 0
237 30 7376  1 0 1 1 1 1 0 1 1 1 1 1 1 1 1 1 1 1 1 1 1 0 1 1 0 1 1 1 1 0
238 30 5969  1 0 0 0 1 0 0 1 0 1 1 1 0 0 1 0 1 1 0 1 0 1 1 0 0 1 1 1 1 0
239 30 3722  0 1 0 0 0 0 0 0 0 0 1 0 1 1 0 1 0 0 0 0 1 0 0 1 1 1 0 1 0 1
240 30 2013  0 0 0 0 0 1 0 0 0 0 0 1 1 0 0 0 0 0 0 0 0 0 0 0 0 1 1 0 0 0
241 30 4961  0 0 1 0 1 1 0 0 1 1 1 0 0 1 0 1 1 0 0 1 0 1 0 0 0 1 1 1 0 1
242 30 7273  1 1 1 1 1 1 0 1 0 0 1 1 1 1 0 1 1 1 1 1 1 1 1 1 1 1 1 1 1 1
243 30 8433  1 1 1 0 1 1 1 1 0 1 1 1 0 1 1 1 1 0 0 1 1 1 1 1 1 1 1 1 1 1
244 30 5325  0 0 1 1 0 0 1 0 0 1 1 1 0 0 1 1 1 1 1 1 0 0 0 1 0 0 1 1 0 1
245 30 6545  0 1 1 1 1 1 1 1 1 1 0 1 1 1 1 1 1 0 1 1 1 1 1 1 1 1 1 1 1 1
246 30 4233  1 1 1 1 0 1 0 1 1 1 1 0 1 1 1 0 0 1 1 0 0 0 1 1 0 0 0 0 1 0
247 30 1871  0 0 0 0 1 0 0 0 0 0 1 0 1 1 0 0 0 0 0 0 0 0 0 0 0 0 0 0 0 1
248 30 5170  0 0 1 1 0 1 0 1 0 1 1 1 1 0 1 1 0 0 1 0 1 0 0 1 1 0 1 1 1 1
249 30 6116  1 1 1 1 1 0 1 1 0 1 0 0 0 0 0 1 1 1 1 0 1 0 1 1 1 0 1 1 1 1
250 30 7511  1 1 1 1 0 0 1 1 0 1 1 1 1 0 1 1 1 1 1 1 0 1 1 1 0 1 0 0 1 0
251 30 6982  1 0 0 1 1 0 0 1 0 1 1 0 1 1 0 1 0 1 0 1 1 1 1 1 1 0 0 1 1 1
252 30 1221  0 0 0 0 0 0 1 0 0 1 0 0 0 0 0 0 0 0 0 0 1 0 0 0 0 0 0 0 0 1
253 30 7031  1 1 0 0 1 0 1 1 1 1 1 0 1 0 1 1 0 1 1 1 0 1 0 1 0 1 1 1 1 0
254 30 8536  1 1 1 1 1 1 1 1 0 0 1 1 1 1 1 1 1 1 1 1 1 1 1 0 1 1 1 1 1 1
255 30 2613  0 0 0 0 1 0 1 0 0 1 0 1 1 0 1 1 0 0 0 0 0 0 0 0 0 1 0 0 1 0
256 30 5305  1 1 1 1 1 1 1 0 0 0 1 1 1 0 0 1 1 1 1 1 0 1 0 1 0 0 0 0 1 1
257 30 4117  1 1 0 1 0 0 0 1 1 0 0 0 0 1 0 1 1 0 0 1 0 0 0 0 1 1 0 0 0 1
258 30 4333  0 0 1 1 0 0 1 0 0 0 1 1 0 1 0 0 0 1 0 0 1 0 1 1 1 1 0 1 1 0
259 30 7176  1 1 1 1 0 1 1 1 1 0 1 1 1 1 1 1 1 0 1 1 1 1 1 1 1 1 1 1 1 1
260 30 7377  1 1 1 0 1 1 1 1 1 1 1 1 1 1 1 1 1 1 1 1 0 1 1 1 1 1 1 1 1 1
261 30 6023  1 1 1 1 1 0 1 1 1 0 1 0 1 1 0 1 1 1 1 1 1 1 0 1 0 1 1 1 1 1
262 30 4186  0 1 1 1 1 1 0 1 0 0 1 0 1 0 1 1 0 0 0 0 0 0 0 1 1 0 1 1 0 1
263 30 2854  1 0 0 1 0 0 0 1 1 1 0 1 0 1 0 0 0 1 0 0 0 0 0 0 1 0 0 0 0 1
264 30 7462  1 1 1 1 0 1 1 1 1 1 1 1 1 1 0 1 0 1 1 1 1 0 1 0 0 1 1 1 1 0
265 30 5639  1 1 0 1 1 0 0 1 0 1 1 0 1 0 1 0 0 0 1 1 1 1 1 0 0 1 1 1 0 0
266 30 7461  0 1 1 1 1 1 1 1 1 1 1 1 1 1 0 1 1 0 1 1 1 1 0 0 1 1 1 0 1 1
267 30 7633  1 1 1 1 1 1 1 1 1 1 1 1 1 1 1 1 1 1 1 1 1 1 1 1 1 1 1 1 1 1
268 30 7975  1 0 1 1 0 1 1 0 1 1 1 1 1 0 1 1 0 1 1 0 1 1 1 1 1 1 1 0 0 1
269 30 4933  1 0 0 1 0 1 0 1 0 0 0 0 1 0 0 0 0 0 1 1 0 0 0 1 0 1 0 1 1 1
270 30 7874  1 1 1 1 1 1 1 1 1 1 1 1 1 1 1 1 1 1 1 1 1 1 1 1 1 1 0 1 1 1
271 30 6350  1 1 0 0 1 1 0 1 1 0 1 1 1 1 0 1 0 1 1 1 1 1 1 1 0 1 0 0 1 0
272 30 7689  1 1 1 1 1 0 1 1 1 1 0 1 0 1 1 1 0 1 1 1 1 1 1 1 1 1 1 0 1 1
273 30 3859  0 0 1 0 1 1 1 1 0 0 0 0 1 1 0 1 0 0 0 0 0 0 1 0 0 0 1 0 0 1
274 30 5515  1 1 1 0 0 0 0 0 1 1 1 0 1 1 0 0 1 0 1 0 0 0 1 1 1 1 1 1 0 1
275 30 3925  0 0 0 1 1 0 1 0 0 0 1 1 0 0 1 0 0 1 1 0 0 0 0 1 0 0 1 0 1 0
276 30 8021  1 1 1 1 1 1 1 1 1 1 1 1 1 1 1 1 1 1 1 1 1 1 1 1 1 1 1 1 0 1
277 30 4558  1 1 1 0 1 1 0 1 0 1 0 1 0 0 0 0 0 1 0 0 1 0 1 0 0 1 1 1 0 0
278 30 9637  1 1 1 1 1 1 1 1 1 1 1 1 1 1 1 1 1 1 1 1 1 1 1 1 1 1 1 1 1 1
279 30 961  0 0 0 0 0 0 0 0 0 0 0 1 0 0 0 1 0 0 0 0 1 0 0 0 0 0 1 0 0 0
280 30 7963  1 1 1 1 1 1 1 1 1 1 1 1 1 1 1 1 1 1 1 1 0 1 1 1 1 1 1 1 1 1
281 30 6815  1 0 1 1 0 1 0 1 1 1 1 1 1 0 1 0 0 1 0 0 1 1 1 1 0 1 0 1 1 1
282 30 6345  1 0 1 1 1 1 1 1 1 1 1 1 1 1 1 0 1 1 1 1 1 1 1 1 1 1 1 0 1 1
283 30 8656  1 1 1 1 1 1 1 1 1 1 1 1 1 1 1 1 1 1 0 1 1 1 1 0 1 1 1 1 1 1
284 30 6722  1 0 1 1 1 1 1 1 1 1 0 0 0 0 0 1 1 0 1 1 0 1 1 1 1 0 1 1 1 1
285 30 6957  1 0 1 0 0 1 0 1 1 0 1 0 1 1 1 1 1 1 0 1 1 1 1 1 1 1 0 1 1 1
286 30 6343  1 1 1 1 1 1 1 1 1 1 1 1 1 1 1 0 1 1 0 1 1 1 1 1 1 1 1 1 1 0
287 30 6767  1 1 0 0 1 1 1 1 1 1 1 1 1 1 1 1 1 1 1 1 1 1 1 1 1 0 1 1 1 1
288 30 8289  1 1 1 1 1 1 1 1 1 0 1 1 1 1 1 1 1 1 0 1 1 1 1 1 1 1 1 1 1 1
289 30 3630  0 0 1 1 0 0 0 0 1 0 0 1 1 0 1 1 0 0 0 1 0 1 0 0 1 0 0 0 1 0
290 30 3667  0 0 0 0 0 0 1 0 1 0 0 0 0 1 0 1 0 0 1 1 0 1 1 1 0 0 1 1 0 1
291 30 6660  1 1 1 1 1 1 1 1 1 0 1 1 1 1 1 1 0 1 1 1 1 1 0 1 1 1 1 1 1 1
292 30 4981  1 1 1 1 0 0 1 1 1 0 1 0 1 0 0 0 0 1 0 1 1 0 0 0 1 1 1 1 1 0
293 30 7780  1 1 0 1 1 1 1 1 1 1 1 0 1 1 1 1 1 1 1 1 1 1 1 1 1 0 1 1 1 1
294 30 6707  1 1 0 0 0 0 0 0 0 1 1 1 1 1 1 1 1 1 1 0 1 1 1 1 1 1 1 1 0 1
295 30 6977  1 1 1 1 0 1 1 1 1 1 1 1 1 0 1 1 1 0 1 1 1 1 1 1 1 0 1 1 1 0
296 30 7752  1 1 1 1 0 1 1 1 1 1 0 1 1 0 1 0 1 1 1 1 0 1 1 0 1 1 1 0 1 1
297 30 6893  1 1 1 1 1 1 1 1 1 1 1 1 1 1 1 1 1 1 1 1 1 1 1 1 1 1 1 1 1 1
298 30 5531  1 0 1 0 1 1 0 0 1 0 0 1 0 1 1 1 1 1 0 0 0 0 1 1 1 1 1 1 1 0
299 30 8571  0 1 0 1 1 1 1 1 1 1 1 1 1 1 1 1 1 1 1 1 1 1 1 1 1 1 1 1 1 1
300 30 5714  1 0 0 1 0 1 1 0 1 0 1 0 1 0 1 0 0 1 0 1 1 1 1 0 1 0 1 1 1 0
301 30 4985  0 1 0 1 1 1 1 1 1 1 0 0 0 0 0 1 1 1 0 0 0 0 1 1 1 1 1 0 1 1
302 30 6001  1 1 1 1 1 0 0 1 1 1 0 1 0 0 1 1 0 0 0 0 1 1 1 1 0 0 1 0 0 0
303 30 7074  1 1 1 0 1 1 1 1 1 1 1 1 1 1 1 0 1 1 1 1 1 1 1 1 1 1 1 1 1 1
304 30 6533  0 1 1 1 0 1 0 1 1 1 1 1 0 1 1 0 1 1 1 1 1 0 1 1 1 0 0 1 1 1
305 30 7758  1 1 1 1 1 1 1 1 1 1 1 1 1 1 1 1 1 1 1 1 1 0 1 1 1 1 1 1 1 1
306 30 7371  1 1 1 1 1 1 1 0 0 1 1 1 0 0 0 1 1 0 1 0 1 1 1 1 1 0 1 1 1 1
307 30 8304  1 1 1 1 1 1 1 1 1 1 1 1 1 1 1 1 1 1 1 1 1 1 1 1 1 1 1 1 1 1
308 30 3081  0 0 0 0 0 0 0 0 1 1 0 0 0 0 0 0 1 0 0 0 1 0 1 1 0 0 1 1 1 0
309 30 2534  1 0 0 1 0 0 1 1 0 0 0 0 0 0 0 0 0 1 1 0 1 0 0 0 0 1 1 0 0 0
310 30 4885  1 0 1 1 0 1 1 1 1 1 0 1 1 0 0 1 1 1 1 1 1 0 0 1 0 1 1 1 1 0
311 30 4099  0 1 1 1 0 0 0 0 1 0 0 0 0 0 0 1 1 1 0 0 0 0 1 0 0 1 1 0 1 1
312 30 6882  1 0 0 1 1 1 1 1 1 1 1 1 0 1 1 1 1 0 0 0 1 1 1 1 1 1 1 1 1 0
313 30 3867  0 1 0 1 0 0 0 1 1 0 1 1 1 0 0 1 0 0 0 1 0 0 0 0 1 1 0 1 1 0
314 30 6599  1 1 1 1 0 1 1 0 0 1 1 1 1 1 1 1 1 1 1 0 1 0 1 1 1 1 1 1 0 1
315 30 5160  0 1 1 0 0 0 1 1 0 0 1 0 0 0 1 0 0 1 1 0 0 1 1 1 1 0 1 1 0 0
316 30 5743  1 1 1 1 0 0 1 0 0 0 1 1 1 1 1 0 1 1 1 1 0 0 0 1 1 0 0 1 1 0
317 30 2935  1 0 0 1 0 1 0 0 0 0 0 0 1 1 0 1 0 0 1 0 0 0 0 0 1 0 0 0 0 1
318 30 5674  1 0 0 1 1 1 0 1 1 0 1 0 1 0 0 0 0 0 1 1 1 0 1 1 1 0 1 0 1 1
319 30 1699  1 0 0 0 0 0 0 0 0 0 0 0 0 0 0 0 0 1 1 0 0 0 0 1 0 0 1 0 0 0
320 30 6642  0 0 1 1 0 1 1 0 1 0 1 0 0 1 1 1 1 1 1 1 1 0 1 1 1 1 1 1 1 1
321 30 8028  1 1 1 1 1 1 1 1 1 1 1 1 1 1 1 1 1 1 1 1 1 1 1 1 1 1 1 1 1 1
322 30 6591  1 1 0 0 0 1 1 1 1 1 1 1 1 1 0 1 1 1 1 1 1 1 1 1 1 0 0 1 1 1
323 30 2067  0 0 0 0 0 1 0 0 0 0 0 0 0 0 0 0 0 0 0 1 1 1 0 0 0 0 0 1 1 0
324 30 7845  1 1 1 1 1 1 1 1 1 1 1 1 1 1 1 1 1 1 1 1 1 1 1 1 1 1 1 1 1 1
325 30 7776  1 1 1 1 1 1 1 0 1 1 1 1 1 1 1 1 1 1 1 1 1 1 1 1 1 1 1 1 1 1
326 30 2448  0 0 0 0 0 0 1 0 0 0 1 1 0 0 0 0 0 0 1 0 1 0 0 1 1 0 0 0 1 0
327 30 6442  1 1 1 1 1 1 1 0 1 0 1 0 1 1 0 1 0 1 0 0 1 0 1 1 1 0 1 1 0 1
328 30 4158  1 1 0 0 0 0 0 0 1 0 1 1 0 0 0 1 1 0 0 0 1 0 1 1 1 1 1 0 0 0
329 30 8061  1 1 1 1 1 1 1 1 1 1 1 1 1 0 1 1 1 1 1 1 1 1 1 1 1 1 0 1 1 1
330 30 2824  0 1 0 0 0 1 0 1 0 0 1 1 1 1 0 0 0 0 0 0 0 0 0 0 0 0 1 0 0 1
331 30 6675  1 0 1 1 1 0 1 1 1 1 1 1 0 1 0 1 1 1 1 1 1 0 1 1 1 0 0 1 0 0
332 30 2726  0 0 1 0 0 1 0 0 0 0 0 0 0 0 0 0 0 0 1 0 0 1 0 1 1 0 0 0 0 1
333 30 8298  1 1 1 1 1 1 0 1 1 1 1 0 1 1 1 0 1 1 0 1 1 1 1 1 1 1 0 0 1 1
334 30 7116  1 1 1 1 0 1 1 1 1 1 1 1 0 1 1 1 1 1 1 1 1 1 1 1 1 1 1 1 1 1
335 30 6771  1 1 1 1 1 1 1 1 0 1 0 1 1 1 1 0 0 1 1 1 1 0 1 1 1 1 0 1 1 1
336 30 1918  0 1 0 0 0 0 0 0 0 0 0 0 1 0 0 1 0 1 0 0 0 0 0 0 1 1 1 0 0 0
337 30 7289  0 1 1 0 1 1 1 1 0 1 0 0 1 1 1 1 0 0 0 1 1 1 1 0 1 1 1 1 1 0
338 30 3941  0 0 0 0 0 1 1 1 1 0 1 1 1 1 0 1 0 0 0 0 0 0 0 0 0 0 1 1 0 1
339 30 3076  1 0 0 1 1 1 0 0 1 0 0 0 0 0 1 0 0 1 0 0 0 0 0 0 0 0 1 1 0 1
340 30 5949  1 1 1 1 1 0 1 0 0 0 1 1 1 1 1 1 1 0 1 1 1 0 1 1 1 0 1 0 0 0
341 30 3219  0 0 0 1 0 0 1 1 0 0 1 0 0 0 1 1 1 0 0 0 1 1 0 0 0 1 0 1 1 0
342 30 6853  1 1 1 1 1 0 1 1 1 1 1 1 1 1 1 1 1 1 0 1 1 1 1 1 1 1 1 1 1 1
343 30 6219  1 0 0 1 1 1 1 0 1 0 0 1 1 1 0 1 1 0 1 1 0 1 0 0 1 1 1 1 1 1
344 30 4080  0 0 0 1 1 1 0 1 1 0 1 0 0 0 1 0 0 1 0 0 0 1 1 0 0 0 1 0 1 0
345 30 5004  0 1 1 0 0 0 1 0 1 1 0 0 1 1 0 0 1 1 0 0 1 1 1 0 0 1 1 1 1 0
346 30 5959  0 1 0 1 1 0 0 1 1 1 1 1 1 1 1 1 1 1 0 0 1 1 1 1 1 0 0 1 1 1
347 30 6731  1 1 1 1 1 0 1 1 0 1 0 1 0 0 1 0 0 1 1 0 1 1 1 0 0 1 1 1 0 1
348 30 5964  1 0 0 1 1 1 1 1 1 1 1 1 1 1 1 1 1 1 1 1 1 1 1 1 1 1 1 1 1 1
349 30 4672  0 1 1 1 0 0 1 0 1 1 0 1 1 1 1 0 1 0 0 0 0 1 0 1 0 0 1 0 0 1
350 30 3898  1 0 0 1 0 1 1 1 1 0 0 0 0 1 0 1 1 0 0 0 0 0 0 1 1 0 0 1 1 0
351 30 6374  0 0 1 0 0 1 1 1 0 1 1 0 0 1 1 1 0 1 0 1 0 1 1 1 1 1 0 1 1 1
352 30 6564  1 0 1 1 1 1 1 0 1 1 1 1 1 1 1 0 1 1 1 1 1 0 1 1 0 0 1 1 1 1
353 30 6669  1 1 0 1 0 1 1 1 1 1 1 1 1 1 0 1 1 1 1 1 1 1 1 1 1 1 0 1 1 1
354 30 4946  1 1 1 0 1 1 1 1 0 0 1 0 0 0 0 0 0 1 1 1 1 0 0 0 1 0 1 1 0 0
355 30 5623  1 0 1 0 0 0 1 0 0 1 1 1 1 0 0 0 0 1 0 0 1 0 1 1 1 0 1 1 0 1
356 30 3755  1 0 0 1 1 1 1 0 0 1 0 1 1 1 0 0 0 0 0 0 0 1 0 1 1 1 0 0 0 0
357 30 3087  1 1 0 0 0 0 1 0 1 0 0 1 0 0 1 0 0 0 0 0 0 0 1 0 1 0 0 0 0 1
358 30 5418  0 0 1 1 1 1 0 1 1 1 1 0 0 1 0 1 1 1 0 1 1 0 0 0 0 0 0 1 0 1
359 30 1913  1 0 0 0 0 1 0 0 0 0 0 0 0 0 0 1 1 0 0 0 0 1 0 0 0 0 0 0 0 1
360 30 5366  0 0 1 0 1 0 0 1 0 0 1 0 0 0 1 1 1 1 1 1 1 1 0 1 1 0 0 1 1 0
361 30 5096  1 1 0 0 1 0 1 0 1 1 1 0 0 1 0 0 1 1 1 0 1 1 1 0 0 1 0 1 1 1
362 30 7346  1 1 1 1 1 1 1 1 1 1 1 1 1 1 0 1 1 1 1 1 1 1 1 1 1 1 1 1 1 1
363 30 7002  1 1 1 1 1 1 1 1 1 1 1 1 0 1 0 0 1 0 1 0 0 1 0 1 0 1 1 0 1 1
364 30 3942  0 1 0 0 0 0 0 1 0 1 0 0 0 0 0 0 0 1 0 0 0 1 1 1 0 1 0 0 1 1
365 30 6736  1 0 1 1 1 1 1 0 0 1 1 1 1 1 0 1 0 1 1 1 1 1 1 1 1 1 1 1 1 1
366 30 2379  0 0 0 0 0 0 0 0 0 0 0 0 1 0 0 0 0 0 0 0 0 1 0 1 0 1 0 1 1 1
367 30 6933  1 1 1 1 1 1 1 0 1 1 1 1 1 1 0 1 1 0 0 1 1 1 1 1 1 1 0 1 1 0
368 30 5148  1 0 0 1 1 0 1 1 1 0 1 1 0 1 1 1 1 0 1 0 1 0 1 1 1 0 1 1 0 1
369 30 7650  1 1 1 1 0 1 1 1 1 1 0 0 1 1 1 1 1 1 1 1 1 1 1 1 1 0 1 0 1 1
370 30 5709  1 1 1 1 0 0 0 1 1 0 1 1 1 0 0 0 0 1 1 0 1 1 1 0 0 1 1 1 1 0
371 30 1553  0 0 0 0 1 0 0 0 0 0 1 0 1 0 0 0 0 0 0 0 0 0 0 0 0 0 0 0 0 1
372 30 3012  1 0 0 1 0 0 0 1 0 0 0 1 0 1 0 0 0 1 0 1 0 0 0 0 0 1 0 1 1 0
373 30 2816  1 0 0 1 0 0 0 1 1 0 0 0 0 0 0 1 0 0 0 0 1 0 0 0 0 0 0 1 0 0
374 30 6557  0 1 0 0 1 1 1 0 1 1 1 1 1 1 1 1 0 1 1 0 1 1 1 1 1 1 1 1 0 0
375 30 7303  1 1 1 1 0 1 1 1 1 1 1 1 1 1 1 1 1 1 1 1 1 1 1 0 1 1 1 1 1 1
376 30 6643  1 1 1 1 1 1 1 1 1 1 1 1 1 1 1 1 1 1 1 1 1 1 1 1 1 1 1 1 1 1
377 30 1955  0 0 0 0 0 0 0 0 0 0 0 1 0 1 0 0 0 0 0 0 0 1 0 0 1 0 0 1 0 0
378 30 6699  1 1 1 1 0 0 1 0 1 1 1 1 0 1 1 1 1 1 1 1 1 0 1 1 1 1 1 1 1 0
379 30 5279  1 0 0 0 0 0 1 0 1 1 0 1 0 0 1 1 0 1 1 1 1 1 0 0 1 1 1 0 1 1
380 30 7169  1 1 1 0 1 1 1 1 1 0 1 1 1 1 0 1 1 1 0 1 0 1 0 1 1 1 1 1 1 1
381 30 6288  0 1 1 0 1 0 1 1 0 0 0 0 1 0 1 1 0 0 1 1 1 1 0 1 1 1 1 1 0 1
382 30 5929  1 1 0 1 1 1 1 0 1 1 1 1 1 1 0 0 0 1 0 0 1 1 1 1 1 0 0 0 0 1
383 30 7190  1 1 1 1 1 1 1 1 0 1 1 1 0 1 1 1 1 0 1 1 0 1 1 1 1 1 0 1 1 1
384 30 6314  1 1 1 1 1 0 0 0 1 1 1 1 1 0 1 0 0 1 1 1 1 0 0 0 1 1 1 0 0 1
385 30 1722  0 0 0 0 0 0 1 0 0 0 0 0 0 0 0 0 1 0 0 0 0 1 0 1 0 0 0 0 0 0
386 30 7489  1 1 1 1 1 1 1 1 1 1 1 0 1 1 1 1 1 1 1 1 1 1 1 1 1 1 1 1 1 1
387 30 5385  0 1 0 1 1 1 0 0 1 1 0 1 0 1 0 0 1 0 1 0 1 1 1 0 0 0 1 0 1 1
388 30 7658  0 1 1 0 1 1 1 0 0 1 1 1 1 0 1 1 1 1 1 1 1 1 1 0 1 1 1 1 0 1
389 30 3731  1 0 1 0 0 0 1 1 0 0 0 0 1 0 0 1 0 0 1 0 1 1 1 0 0 1 0 0 1 1
390 30 6774  1 1 0 0 0 0 1 1 1 0 1 0 1 0 0 1 1 1 1 1 1 0 1 1 1 0 1 1 1 0
391 30 7201  1 1 1 1 0 1 1 0 1 1 1 1 1 1 1 0 1 1 1 0 1 1 0 1 1 1 1 1 0 1
392 30 4057  1 0 0 1 0 0 0 1 0 1 0 0 0 0 0 1 0 1 1 0 1 0 1 0 0 0 0 0 1 0
393 30 4173  1 0 1 1 0 1 0 0 0 1 0 1 1 1 1 0 0 0 1 0 0 1 1 1 0 0 0 0 0 0
394 30 5260  0 1 1 0 0 1 1 0 1 0 1 0 1 1 1 1 0 1 1 0 1 1 0 1 1 1 1 0 1 0
395 30 1909  0 0 0 1 0 1 0 0 1 0 0 0 1 0 0 0 0 0 0 1 0 0 0 0 0 1 0 0 0 0
396 30 7108  1 1 1 1 1 1 0 1 1 1 1 1 0 1 1 1 1 1 1 1 0 1 1 1 0 0 1 1 1 0
397 30 3041  0 1 1 1 0 0 1 0 0 0 1 1 0 1 0 0 0 0 0 0 0 0 0 1 0 0 0 0 0 0
398 30 7069  1 0 1 0 1 0 1 1 1 1 1 0 1 0 1 1 1 1 1 1 1 1 1 1 1 1 1 1 1 1
399 30 5430  1 0 0 0 0 0 1 0 1 0 1 1 1 1 1 0 0 1 0 1 0 0 1 1 1 1 1 0 1 1
400 30 6513  1 1 1 1 1 1 1 1 1 1 1 1 1 1 1 1 0 0 1 1 0 1 1 1 0 1 1 0 1 1
401 30 6128  1 0 0 1 0 1 1 1 1 1 1 1 1 1 0 1 0 1 1 1 1 1 1 1 1 1 1 1 1 1
402 30 1779  0 0 0 0 0 1 0 0 1 1 0 0 1 0 0 0 0 0 1 0 0 0 0 0 0 1 0 0 0 0
403 30 5861  0 1 1 1 0 1 1 1 0 1 0 0 1 1 1 1 1 0 0 0 1 1 0 0 1 0 0 1 1 0
404 30 7400  1 0 1 1 1 1 1 1 1 1 0 1 1 1 1 1 1 1 1 1 1 1 0 1 1 1 1 1 0 1
405 30 7978  1 1 1 1 1 1 1 1 1 0 1 1 1 0 1 1 1 1 1 1 1 1 1 1 1 1 1 1 0 1
406 30 6347  1 1 0 1 1 1 0 1 0 1 1 1 1 1 0 0 0 0 1 1 0 1 0 1 1 1 1 1 0 1
407 30 6241  1 1 0 0 0 1 1 0 0 1 0 1 1 1 1 1 1 0 1 0 1 1 1 1 1 1 1 1 0 1
408 30 2372  0 1 0 0 0 1 0 0 0 0 1 0 0 0 0 0 0 0 1 0 0 0 0 0 1 0 1 1 0 0
409 30 5935  1 1 1 1 0 1 0 0 1 0 0 1 1 1 1 0 1 1 1 1 1 1 1 1 1 1 1 1 1 1
410 30 9364  1 1 1 0 1 1 1 1 1 1 1 0 1 0 1 1 1 1 1 1 1 1 1 1 1 0 0 1 1 0
411 30 6577  1 0 1 1 0 1 1 0 1 0 1 1 1 1 1 0 1 1 1 0 1 0 0 1 1 1 1 1 0 1
412 30 6500  1 1 0 0 1 0 1 1 1 1 1 1 1 1 1 1 0 1 1 1 0 1 1 1 0 0 1 1 1 1
413 30 8020  1 1 1 1 1 1 1 1 1 1 1 1 1 1 1 1 1 1 1 1 1 1 1 1 1 1 1 1 1 1
414 30 3503  0 1 0 1 0 0 1 0 1 0 0 0 0 1 0 0 1 0 0 0 0 1 0 0 0 0 0 1 1 1
415 30 4085  1 0 0 1 0 0 0 1 1 0 1 1 0 1 0 1 1 0 0 0 0 0 0 0 0 0 0 1 1 0
416 30 3321  0 1 0 0 0 0 0 0 1 0 0 1 1 1 0 0 1 0 1 0 0 1 0 1 0 0 1 0 0 1
417 30 7595  1 1 1 1 1 1 1 1 1 1 1 1 0 1 0 0 1 1 1 1 0 0 1 1 1 1 0 1 1 1
418 30 8356  1 1 1 1 1 1 1 1 1 1 0 1 1 1 0 1 1 1 1 1 1 0 1 1 1 1 1 1 1 1
419 30 6580  1 1 1 1 1 1 1 1 1 1 1 1 0 1 1 1 0 1 0 1 0 1 1 0 1 1 0 0 1 1
420 30 6022  0 0 1 1 1 1 0 1 0 0 1 1 1 1 1 1 1 1 1 0 0 1 1 0 0 0 1 1 1 1
421 30 4539  0 0 1 1 1 0 1 0 1 0 1 0 0 1 0 0 0 1 1 1 0 0 1 0 0 0 0 1 1 1
422 30 4631  1 1 0 0 1 0 0 1 0 0 0 0 1 1 1 0 1 1 0 1 0 0 0 0 0 0 0 1 1 1
423 30 5069  0 1 0 0 1 0 0 0 1 0 1 1 0 0 1 1 0 1 0 1 0 0 1 1 1 0 1 0 0 1
424 30 2849  0 0 0 0 0 0 0 0 0 0 1 0 0 0 1 0 1 0 0 1 1 0 0 0 0 1 1 0 0 1
425 30 3179  0 0 1 0 1 0 1 1 0 0 0 0 0 0 0 0 0 1 0 0 1 1 0 1 1 0 1 0 0 0
426 30 7826  1 1 1 1 1 1 0 1 1 1 1 1 1 1 0 0 1 1 0 1 0 1 1 1 1 1 1 1 1 0
427 30 5545  1 1 0 0 0 1 0 1 1 0 1 1 1 0 0 0 1 1 0 1 1 0 0 1 1 0 1 0 0 1
428 30 6314  0 0 1 0 1 1 1 1 0 1 0 0 1 0 1 1 1 1 1 0 0 1 0 0 1 1 0 1 1 1
429 30 7162  1 1 1 0 1 1 1 1 1 1 1 1 1 1 0 1 1 1 1 0 0 1 1 1 0 1 1 1 0 1
430 30 4686  0 0 0 0 1 0 1 1 1 0 1 1 1 1 0 0 0 1 1 0 1 1 0 1 1 1 1 1 1 0
431 30 4728  1 1 0 1 1 1 0 1 0 0 0 1 1 1 1 0 1 1 1 0 0 0 1 0 0 0 0 1 0 0
432 30 5886  1 1 1 1 1 1 1 0 1 1 1 1 1 1 1 1 0 1 1 0 1 1 1 1 1 1 1 1 1 1
433 30 2329  0 0 0 0 0 0 0 0 0 1 1 0 0 0 0 1 1 0 0 0 1 1 0 0 0 0 0 1 0 0
434 30 4306  1 0 0 0 1 1 0 0 0 0 0 1 0 0 1 1 0 1 0 0 0 1 1 1 0 0 0 1 1 0
435 30 7315  1 1 1 1 1 1 1 1 1 1 1 1 1 1 1 1 1 1 1 1 0 1 0 0 1 1 1 1 1 1
436 30 5482  0 0 1 1 1 0 1 1 0 0 1 1 0 1 0 1 1 1 1 0 1 0 0 1 1 0 1 1 1 0
437 30 3818  0 1 1 0 1 1 1 0 0 0 1 0 1 1 0 0 0 0 0 0 1 1 0 0 0 0 0 0 1 1
438 30 3664  0 0 0 0 0 0 0 1 1 1 1 0 0 0 1 0 1 0 1 1 0 0 0 1 0 0 0 1 1 1
439 30 4907  1 0 0 1 0 0 0 0 0 1 1 1 0 1 0 1 1 1 1 1 0 0 1 1 1 1 0 1 0 1
440 30 4445  1 0 0 0 0 1 0 0 1 1 1 0 0 1 0 1 1 1 0 1 0 1 1 1 1 0 0 1 0 1
441 30 3451  0 1 0 0 0 0 0 0 1 0 0 0 0 0 1 1 1 1 0 1 0 1 0 0 1 0 0 0 0 0
442 30 4720  1 1 0 0 1 1 0 1 1 1 0 1 1 0 1 0 0 0 0 0 1 1 0 0 1 1 0 0 1 0
443 30 6364  1 0 0 0 0 1 1 1 1 1 1 1 1 0 1 1 1 1 0 1 1 0 0 1 1 0 0 1 1 1
444 30 7092  1 1 1 1 1 1 1 1 1 1 1 0 1 1 1 1 1 1 1 1 1 1 1 1 1 1 1 1 1 1
445 30 4336  1 0 0 1 0 1 0 0 1 0 1 1 0 0 0 0 1 0 0 1 0 0 0 0 1 1 0 0 1 1
446 30 2301  0 1 0 0 0 0 0 1 0 0 0 0 0 0 1 0 0 0 0 1 1 0 0 0 0 0 1 0 0 0
447 30 7169  1 0 0 0 0 1 1 1 1 1 0 1 0 1 1 1 1 0 0 1 1 1 1 0 1 1 1 0 1 1
448 30 5321  0 1 1 0 0 1 1 1 0 1 0 0 1 0 0 1 1 1 1 1 1 0 0 0 1 1 1 0 0 1
449 30 7745  1 1 1 0 0 1 1 1 1 1 1 1 1 0 0 1 1 0 1 1 1 1 1 0 1 1 1 1 1 1
450 30 6411  1 0 1 1 1 0 0 1 1 1 1 1 0 1 0 1 1 0 0 1 0 0 1 1 1 1 0 1 1 1
451 30 7637  1 1 1 0 0 1 0 1 1 0 0 1 1 1 1 1 1 1 1 1 1 0 1 1 0 1 1 1 1 1
452 30 9284  1 1 1 1 1 1 1 1 1 1 1 1 1 1 1 1 1 1 1 1 1 1 1 1 1 1 1 1 1 1
453 30 8882  1 1 1 1 1 0 1 1 1 1 1 1 1 1 1 1 1 1 1 1 1 1 1 0 1 1 1 1 1 1
454 30 5261  1 1 0 1 1 1 0 0 0 1 1 1 1 0 0 0 0 0 0 0 0 1 0 1 0 1 1 0 0 0
455 30 6012  1 1 0 1 0 0 1 0 1 1 1 0 1 1 1 0 1 1 1 0 1 0 0 1 0 1 1 1 1 0
456 30 5611  1 1 1 0 1 0 1 1 1 0 1 1 1 0 0 0 1 0 0 1 1 1 1 1 1 0 1 1 1 1
457 30 7677  1 1 1 1 1 1 1 1 1 1 1 1 1 1 1 1 1 1 1 1 1 1 1 1 1 1 1 1 1 1
458 30 4921  1 1 1 1 0 1 0 0 1 0 0 0 1 0 1 0 1 0 0 1 1 1 0 1 1 1 0 0 0 0
459 30 7329  1 1 1 1 1 1 1 1 1 0 0 1 1 1 0 1 1 1 1 1 1 1 1 1 1 0 1 1 1 1
460 30 7252  0 0 1 1 0 0 1 0 1 1 1 1 1 1 1 1 1 1 0 1 1 0 1 1 1 1 1 1 1 1
461 30 7490  1 1 1 0 1 1 1 1 1 1 1 0 1 1 1 1 1 0 0 1 0 1 0 1 1 1 1 1 1 1
462 30 8915  1 1 1 1 1 1 1 1 1 1 1 1 1 1 1 1 1 1 1 1 1 1 1 1 1 1 1 1 1 1
463 30 6290  1 1 1 1 1 1 1 1 0 1 1 1 1 1 1 1 1 1 0 0 1 1 1 1 0 1 1 0 0 0
464 30 7155  1 1 1 1 0 1 1 1 1 1 0 0 1 0 1 1 1 0 0 0 1 1 1 1 1 0 1 0 1 1
465 30 2366  0 0 1 0 0 0 0 1 0 0 0 1 0 0 0 1 1 1 0 0 1 1 1 0 0 0 0 0 0 0
466 30 4549  1 0 0 1 0 1 1 1 0 1 1 0 0 0 0 1 1 1 1 0 1 0 0 0 0 0 1 0 0 1
467 30 6608  0 0 1 1 1 1 1 1 1 0 1 1 0 1 1 1 1 1 0 0 0 0 0 0 0 0 1 1 0 1
468 30 7708  1 1 1 1 1 1 1 1 1 1 1 1 1 1 1 1 1 1 1 1 1 1 1 1 1 1 1 1 1 1
469 30 6714  1 0 1 1 1 0 1 0 1 0 1 1 1 0 1 1 0 1 0 1 1 1 1 1 0 1 1 1 1 1
470 30 4742  1 0 1 0 0 0 1 1 1 0 1 1 0 0 1 0 1 0 1 0 1 0 0 1 0 1 0 1 1 1
471 30 6105  1 0 1 0 0 0 0 0 1 1 1 1 1 1 1 0 0 1 0 1 1 0 1 0 1 1 0 1 0 1
472 30 6325  0 0 1 1 0 0 0 1 1 0 1 1 0 1 0 1 1 1 1 1 1 1 1 0 1 1 0 1 1 1
473 30 6918  0 0 1 1 0 1 1 1 1 1 0 1 0 1 1 1 1 1 1 0 0 1 0 1 1 0 0 1 1 1
474 30 7317  1 1 1 1 1 1 1 1 1 1 1 1 1 1 1 1 0 1 1 1 1 1 1 1 1 1 1 1 1 1
475 30 2565  0 0 0 0 0 1 1 0 0 0 1 0 0 0 0 0 1 0 0 0 0 0 0 0 0 1 1 0 0 0
476 30 6857  1 1 1 1 1 1 0 0 1 0 1 1 1 1 1 0 1 0 1 0 0 0 1 1 1 1 1 1 1 1
477 30 7580  1 1 1 1 1 1 0 1 1 1 1 1 1 1 1 0 1 1 1 1 1 1 1 0 1 1 1 1 1 1
478 30 6453  1 0 1 1 1 1 0 1 1 1 1 1 1 1 1 1 1 1 1 1 0 1 1 1 1 1 1 1 1 1
479 30 5269  0 1 1 1 1 1 0 0 0 0 0 1 0 1 0 0 0 1 0 1 1 0 1 1 0 1 1 1 1 1
480 30 7500  1 1 1 1 1 1 0 0 1 1 1 1 1 1 1 0 0 1 1 1 0 0 0 1 1 0 1 1 1 1
481 30 4041  0 1 0 0 0 1 1 1 0 1 1 0 0 0 1 0 1 0 1 1 0 1 0 0 0 1 0 0 0 0
482 30 5750  1 0 1 1 1 1 1 1 0 1 0 0 0 0 0 1 1 1 1 1 0 0 1 0 0 1 0 1 1 1
483 30 6741  1 1 1 0 1 1 1 1 0 1 1 1 1 1 1 1 0 0 1 0 1 1 0 0 1 0 1 1 0 0
484 30 7242  0 1 1 0 1 1 0 1 1 1 1 0 0 1 0 0 1 1 1 1 1 1 1 1 1 1 0 1 1 1
485 30 6758  1 1 1 1 1 1 1 1 1 1 1 1 1 1 1 1 1 1 1 1 1 1 1 0 1 1 1 1 1 1
486 30 3232  1 0 0 0 1 1 0 0 0 0 0 0 0 0 0 0 1 0 0 0 1 1 0 0 1 0 1 0 1 0
487 30 5920  0 1 1 1 0 0 1 1 1 1 1 0 0 1 1 0 1 1 0 1 1 0 0 0 1 0 1 0 1 1
488 30 5090  1 1 1 1 1 1 1 1 1 1 1 0 1 1 0 0 0 0 1 0 1 0 0 0 0 0 1 1 1 0
489 30 3069  0 0 0 1 0 0 0 0 0 0 1 0 0 1 0 1 0 1 0 1 0 1 1 0 0 0 0 1 0 0
490 30 8686  1 1 1 1 1 1 1 1 1 1 1 1 1 0 1 1 1 1 1 1 1 1 1 1 1 1 1 1 1 1
491 30 6109  0 0 1 0 0 0 1 1 0 1 1 1 1 0 1 0 0 1 1 1 0 1 0 1 0 1 1 1 1 0
492 30 4889  1 0 0 0 0 1 1 1 1 1 1 0 0 1 0 0 1 1 1 1 1 0 0 1 0 0 0 0 0 1
493 30 4587  1 0 1 0 1 0 0 1 0 0 0 1 1 1 1 1 0 0 1 0 0 0 1 0 1 0 0 0 1 0
494 30 5987  0 1 1 1 0 1 1 1 0 1 1 1 1 0 0 1 0 1 0 1 1 1 1 0 1 1 0 1 0 0
495 30 5891  1 1 0 1 1 1 1 1 1 1 0 1 1 0 1 1 1 1 1 0 1 1 0 1 1 0 1 1 1 1
496 30 5424  0 1 0 1 1 0 0 0 1 1 1 1 1 1 1 1 1 1 1 0 0 1 0 1 1 1 1 1 0 1
497 30 5205  0 1 1 1 0 1 1 1 0 0 0 0 0 0 1 1 1 0 1 0 0 1 0 1 0 1 0 1 0 1
498 30 7057  1 1 1 1 1 1 1 1 1 1 1 1 1 1 1 1 1 0 0 1 1 1 0 1 1 1 1 1 1 0
499 30 6341  1 0 0 0 1 0 0 1 0 1 1 1 1 1 1 1 1 1 1 0 1 1 0 1 0 0 1 0 1 0
