0 27 1650  0 0 0 0 1 1 0 0 0 0 0 0 1 1 0 0 0 1 0 0 0 0 1 0 0 0 0
1 27 6089  1 1 0 1 0 1 1 1 1 1 0 1 1 1 1 1 1 0 1 0 0 0 0 1 1 1 1
2 27 7107  1 1 1 1 0 1 1 1 0 1 1 1 0 0 1 1 1 0 1 1 0 1 1 1 1 1 0
3 27 5926  1 1 1 1 1 1 0 1 0 1 1 1 1 0 1 1 1 1 1 1 1 1 0 1 1 1 1
4 27 6756  1 1 1 0 1 0 1 0 0 0 1 1 1 1 1 1 1 1 1 1 1 1 1 0 0 1 0
5 27 7034  1 1 1 1 1 1 1 1 1 1 1 1 1 1 1 1 1 1 1 1 1 1 1 1 1 1 1
6 27 3652  1 0 1 0 0 1 1 1 0 1 0 0 0 0 0 0 0 0 1 1 1 0 0 1 0 1 0
7 27 6144  1 1 1 1 0 1 1 1 1 0 1 1 0 1 1 0 1 1 0 0 0 1 1 1 0 1 1
8 27 5129  1 1 1 1 0 1 1 1 1 1 0 1 1 0 0 1 1 1 1 1 0 1 1 0 1 1 1
9 27 4468  0 0 0 0 0 1 0 0 0 0 0 1 1 0 0 0 1 1 1 0 1 1 1 1 1 1 1
10 27 4578  1 0 0 0 1 1 1 1 1 0 1 1 1 1 0 0 1 0 0 0 1 0 0 1 1 1 0
11 27 3883  1 1 0 0 1 1 0 1 0 0 0 0 1 1 0 1 0 0 0 0 0 1 0 1 0 0 0
12 27 3597  0 1 0 1 0 0 1 0 1 0 0 1 0 1 0 1 0 1 1 1 0 0 0 1 0 1 0
13 27 5933  1 1 1 1 1 1 1 1 1 1 1 1 1 1 1 1 1 1 0 1 1 1 0 1 1 1 0
14 27 6080  0 1 1 1 1 1 1 0 1 0 0 1 1 1 0 0 1 1 0 1 1 1 1 1 1 1 0
15 27 2039  0 0 1 0 0 0 0 1 0 0 0 0 0 0 0 0 1 0 0 0 1 1 1 0 0 0 0
16 27 2674  1 0 0 0 0 0 1 0 0 0 1 0 1 0 0 0 0 1 0 1 0 0 0 0 0 1 0
17 27 7237  1 1 1 1 1 1 1 1 1 1 1 1 0 1 1 1 1 0 1 1 1 1 1 0 1 1 1
18 27 3093  0 1 0 0 0 0 1 0 0 1 0 0 0 0 1 1 0 0 1 1 0 1 0 0 0 0 0
19 27 6910  1 1 1 1 1 1 1 0 1 1 1 1 1 1 0 1 1 0 1 1 0 1 1 0 1 1 1
20 27 3860  0 0 1 0 0 0 1 0 1 1 0 1 0 0 0 0 1 0 0 0 0 1 1 1 1 1 0
21 27 4722  1 1 0 0 1 1 1 1 1 1 1 0 1 1 1 1 1 1 0 1 1 1 1 0 1 0 0
22 27 5795  0 1 1 0 0 1 0 1 1 0 1 0 1 1 1 1 1 0 1 1 0 1 0 1 0 0 1
23 27 3325  0 0 0 1 0 0 1 1 1 0 0 0 0 0 0 1 0 1 1 0 0 1 1 1 1 0 0
24 27 5369  1 0 0 0 0 1 1 1 1 0 1 1 0 0 1 1 0 0 0 1 1 0 1 1 1 1 1
25 27 7227  1 1 1 1 1 1 1 1 1 1 1 1 1 1 1 1 1 1 1 1 1 1 1 1 1 1 1
26 27 2612  0 0 0 1 0 1 0 0 1 0 0 1 1 0 1 0 0 0 0 1 0 0 1 0 0 0 0
27 27 5192  0 1 1 0 1 1 1 1 1 1 1 1 1 1 0 1 1 0 1 1 0 1 1 1 1 1 1
28 27 5005  1 1 1 1 1 1 1 1 1 1 1 1 1 1 1 1 1 1 1 1 1 1 1 1 1 1 1
29 27 6441  1 0 0 0 1 1 1 1 1 1 1 1 1 0 1 0 1 1 0 0 1 1 0 1 1 0 1
30 27 6306  0 1 1 1 1 0 1 1 1 1 1 1 0 1 1 1 1 0 0 1 1 1 0 0 1 1 1
31 27 3616  1 0 0 0 1 0 1 1 0 0 0 0 0 1 0 1 0 1 0 1 0 0 1 0 0 1 1
32 27 4940  1 1 1 0 1 1 0 1 1 1 1 0 0 1 0 1 1 0 1 1 0 0 0 1 0 1 1
33 27 5586  1 1 1 1 1 1 1 1 1 0 1 1 0 1 1 1 1 0 0 1 1 1 0 1 0 0 1
34 27 5115  1 1 1 1 1 1 1 1 1 1 1 1 1 1 1 1 1 1 1 1 1 1 1 1 1 1 1
35 27 4673  0 0 1 1 0 0 1 0 0 1 0 1 1 0 1 1 0 1 0 1 1 0 1 1 1 1 1
36 27 6822  1 1 1 0 1 1 0 1 1 0 1 1 0 1 0 1 1 1 1 1 1 1 1 1 0 1 1
37 27 5163  1 1 1 1 0 0 0 1 1 1 1 0 0 0 0 1 1 1 0 1 0 1 0 1 0 1 1
38 27 4695  1 0 1 0 0 0 0 0 1 0 0 1 1 1 0 1 0 0 1 1 1 1 1 1 0 0 1
39 27 5028  1 0 1 1 1 1 0 1 0 1 0 0 0 1 0 1 0 1 1 1 1 1 0 0 1 1 1
40 27 6815  0 1 1 1 1 1 1 1 1 0 1 0 1 1 1 0 1 1 1 1 0 1 1 1 1 1 1
41 27 6765  1 1 1 1 1 1 1 1 1 0 1 1 0 1 0 0 1 1 1 1 1 1 1 1 1 1 1
42 27 4676  1 1 1 1 0 0 0 0 1 1 0 0 0 1 1 1 1 0 1 1 1 1 1 0 0 1 0
43 27 2090  0 0 0 0 1 0 0 0 0 0 1 0 1 1 1 0 0 0 0 0 0 0 0 0 0 0 1
44 27 4295  0 1 0 0 0 0 1 1 1 0 0 0 1 0 0 1 0 1 1 0 1 1 0 0 1 1 0
45 27 6820  1 1 1 1 1 1 0 0 1 1 1 1 1 1 1 1 1 1 1 1 1 1 1 1 1 0 1
46 27 4628  1 1 1 0 1 1 0 0 0 0 1 0 1 1 0 1 0 1 1 0 0 1 0 1 1 0 0
47 27 5530  1 1 0 1 1 1 0 0 1 0 1 0 0 1 1 0 0 0 0 1 1 1 1 0 1 1 1
48 27 6894  1 1 1 1 1 1 1 1 1 1 1 1 1 1 1 1 1 1 0 1 1 1 0 0 1 1 1
49 27 5115  1 1 0 1 1 0 0 1 1 1 1 0 1 0 1 1 1 0 0 0 0 1 1 1 1 1 0
50 27 7018  1 1 1 1 1 1 1 1 1 1 1 1 1 1 1 1 1 1 1 1 1 1 1 1 1 1 1
51 27 2828  1 0 1 0 0 0 1 1 0 0 0 0 0 1 0 0 0 0 1 1 0 0 0 0 0 0 1
52 27 5900  1 1 0 0 0 1 1 1 1 0 0 1 1 0 0 1 1 1 1 1 0 1 1 0 1 0 1
53 27 4320  0 0 0 1 1 1 0 0 0 1 1 0 0 0 0 0 0 0 1 1 1 1 1 0 1 1 0
54 27 7214  1 1 1 1 1 1 1 1 1 1 1 1 1 1 1 1 1 1 1 1 1 1 1 1 1 1 1
55 27 1991  1 0 0 0 0 0 1 1 0 1 0 0 0 0 1 0 0 0 0 0 0 0 1 0 0 0 0
56 27 6867  1 1 1 1 0 1 1 1 1 1 1 1 1 1 1 1 1 1 1 1 1 0 1 1 1 0 1
57 27 7266  1 1 1 0 0 1 1 1 1 1 1 1 1 1 1 1 1 1 1 1 1 1 1 1 0 1 1
58 27 4882  1 0 0 1 0 1 1 1 1 1 0 1 0 1 1 0 1 0 1 0 0 0 0 1 1 0 0
59 27 4558  0 0 1 0 0 1 1 1 0 0 1 1 1 0 1 0 0 1 1 1 1 1 0 0 1 0 1
60 27 4970  1 1 1 1 1 1 0 1 0 0 1 0 1 1 0 1 0 1 0 1 0 1 1 0 0 1 0
61 27 7016  1 1 0 1 0 1 1 1 1 1 1 1 0 1 1 1 1 1 1 1 0 0 1 1 1 1 1
62 27 6040  1 1 1 1 1 0 1 1 0 1 0 1 1 1 0 0 1 1 1 1 1 0 1 1 1 1 1
63 27 2959  0 0 1 0 0 0 0 1 0 0 0 1 1 1 0 0 1 0 0 1 0 0 1 1 0 0 0
64 27 5813  1 1 0 0 1 1 1 1 1 0 1 1 0 1 1 1 1 0 0 1 0 1 1 1 1 1 1
65 27 5861  1 1 1 1 1 1 1 1 1 1 1 1 1 1 1 1 1 1 1 1 1 1 1 1 1 1 1
66 27 6897  1 1 1 1 1 1 1 1 1 1 1 1 1 1 1 1 1 1 1 1 1 1 1 1 1 1 1
67 27 6394  1 1 0 0 1 1 1 0 1 1 1 1 0 1 0 1 1 1 1 1 1 1 1 0 1 0 1
68 27 5790  1 1 0 1 0 1 0 0 1 1 1 1 0 1 1 0 0 1 1 0 1 1 1 0 1 1 1
69 27 4544  1 0 1 0 0 1 1 1 0 0 0 0 1 0 0 0 1 1 1 1 0 0 0 1 1 0 1
70 27 1995  0 0 0 0 0 0 1 0 0 0 0 0 0 1 0 1 0 0 0 0 0 0 0 1 0 1 1
71 27 4592  1 1 1 0 0 1 1 0 1 0 0 1 1 0 0 1 1 0 1 1 0 1 1 0 1 1 1
72 27 5171  1 0 1 0 1 1 0 1 1 0 1 1 0 1 1 0 1 1 0 0 1 1 1 0 0 1 1
73 27 2943  1 0 1 1 0 1 0 1 1 0 0 1 0 0 1 0 0 0 1 0 1 1 0 0 1 0 1
74 27 3529  0 1 1 1 0 0 0 1 0 0 1 0 0 1 0 1 0 1 0 0 1 1 0 0 0 1 1
75 27 6713  1 1 1 1 1 1 0 1 1 1 1 1 1 1 1 0 1 1 1 1 0 0 1 1 1 1 1
76 27 6825  1 1 0 0 1 1 1 1 1 1 1 1 1 1 1 1 1 1 1 1 0 1 0 1 1 1 1
77 27 5910  1 1 1 1 0 1 1 1 0 0 1 1 1 1 0 1 1 1 1 1 1 0 1 1 1 0 1
78 27 6069  1 1 1 1 1 1 1 1 1 1 1 1 1 1 0 1 1 1 1 1 1 1 0 0 1 1 1
79 27 5062  0 1 1 0 1 0 1 1 1 1 0 1 0 0 0 0 0 1 0 1 0 1 1 0 1 1 1
80 27 2990  1 1 0 0 0 1 0 1 1 1 1 0 0 1 0 0 0 1 0 0 0 0 1 0 0 0 0
81 27 2927  1 0 0 0 0 1 0 0 0 0 1 0 1 0 0 1 0 0 1 1 1 0 0 1 1 0 0
82 27 5822  1 1 1 1 1 1 1 1 0 1 1 1 0 0 0 0 1 1 1 1 1 1 1 1 0 1 1
83 27 1784  0 0 0 1 0 0 1 0 0 0 1 1 0 0 0 1 0 0 0 0 0 0 0 0 0 1 0
84 27 6432  1 0 1 1 1 1 0 0 0 1 1 1 1 1 1 1 1 1 1 1 1 0 1 0 1 1 1
85 27 2527  1 0 1 0 0 0 0 0 1 0 1 0 0 0 1 0 0 1 0 1 0 1 0 0 0 1 0
86 27 4235  0 1 0 1 0 1 1 0 1 1 1 0 1 1 1 0 0 0 0 1 0 0 0 1 0 1 1
87 27 4263  1 0 1 0 1 1 0 1 1 0 0 1 1 0 1 1 1 1 1 1 0 1 1 1 0 1 0
88 27 3731  0 0 0 0 1 1 0 0 1 1 1 1 1 1 0 0 0 1 1 0 0 0 0 1 0 1 0
89 27 5643  0 1 1 0 0 0 1 1 1 0 1 0 1 1 1 1 1 0 1 0 1 0 1 0 1 1 0
90 27 6119  0 1 1 1 1 1 1 1 1 0 0 1 1 0 1 1 1 1 1 1 1 0 1 1 1 0 0
91 27 5457  1 1 0 1 1 0 1 1 1 0 1 1 0 1 1 1 0 0 1 0 0 1 1 0 1 1 1
92 27 7485  1 1 1 1 1 1 0 1 1 1 1 1 1 1 1 1 1 1 1 1 1 0 1 1 1 1 1
93 27 6481  1 1 1 1 1 1 1 1 1 1 1 1 1 1 0 1 0 1 1 1 1 1 1 1 1 1 1
94 27 6776  1 1 1 1 1 1 1 0 1 1 1 1 1 1 1 1 1 1 1 1 1 1 1 1 1 1 1
95 27 6314  1 0 1 0 0 1 1 1 1 1 1 1 1 1 1 1 1 1 0 1 1 1 1 0 1 1 0
96 27 6936  1 1 1 1 1 1 1 1 1 1 1 1 1 1 1 1 1 1 1 1 1 1 1 1 1 1 1
97 27 4699  1 0 1 0 1 0 1 0 0 1 0 1 1 0 0 0 1 1 0 0 1 1 1 1 1 1 0
98 27 1702  0 0 0 1 0 0 0 0 0 0 0 0 1 1 0 0 1 0 0 0 1 0 0 0 0 0 0
99 27 4533  0 1 1 1 1 0 1 0 1 0 0 0 1 0 0 1 0 1 0 1 1 1 1 0 0 1 0
100 27 3482  0 0 1 1 1 1 0 1 0 0 0 0 0 0 0 1 0 0 0 1 0 0 1 1 1 0 1
101 27 1221  0 0 0 0 0 0 1 0 1 0 0 0 1 0 0 0 0 1 0 0 0 0 0 0 0 0 0
102 27 4238  0 1 1 1 1 0 0 1 1 1 0 1 0 0 1 1 0 1 1 0 0 0 0 1 0 0 1
103 27 6188  1 1 1 1 1 1 1 1 1 1 1 1 1 1 1 1 1 0 1 1 1 1 1 0 1 1 0
104 27 6012  1 1 1 1 1 1 1 0 1 1 0 0 1 1 1 1 1 0 0 0 1 1 1 0 1 1 1
105 27 5580  1 1 0 0 1 0 1 0 1 0 0 1 0 1 1 1 1 1 0 0 1 1 1 0 1 1 0
106 27 2659  0 0 1 0 1 0 1 0 0 0 0 0 0 0 0 1 0 0 0 0 1 1 0 0 1 1 1
107 27 5483  1 1 0 1 1 1 0 1 0 0 1 1 1 1 0 1 1 0 1 1 1 1 1 0 0 1 1
108 27 5165  0 1 0 1 0 1 1 1 1 1 1 1 1 1 1 1 1 1 1 0 1 1 0 0 1 0 0
109 27 6145  1 1 0 1 1 0 0 1 1 1 1 1 1 0 1 1 1 0 1 0 1 1 0 1 1 0 1
110 27 7496  1 1 1 1 1 1 1 1 1 1 1 1 1 1 1 1 1 1 1 1 1 1 1 1 1 1 1
111 27 5930  1 1 1 1 1 1 0 1 1 1 1 1 1 1 1 1 1 1 1 1 1 1 1 1 1 1 1
112 27 2616  1 0 0 0 0 1 1 1 1 1 0 0 0 0 1 0 0 0 0 0 0 1 0 0 0 0 0
113 27 7033  1 1 0 1 1 1 1 1 1 1 1 1 1 0 1 1 1 0 1 1 1 1 1 1 1 1 1
114 27 1613  0 1 0 0 0 0 0 1 0 1 0 0 0 0 0 1 0 0 0 0 0 0 0 0 0 0 1
115 27 8257  1 1 1 1 1 1 0 1 1 1 1 1 1 1 1 1 1 1 1 1 1 1 1 1 1 1 1
116 27 6126  0 1 1 0 1 0 1 1 1 1 1 0 1 1 0 1 1 1 1 1 1 1 1 1 1 1 1
117 27 5480  0 1 0 1 1 0 1 0 1 1 1 1 1 0 1 0 1 1 1 0 0 1 1 1 0 0 1
118 27 4158  1 0 0 0 0 1 1 0 1 0 1 1 1 0 0 0 1 0 0 1 1 0 1 1 0 1 1
119 27 4734  0 1 1 1 0 1 1 1 0 0 1 1 1 1 1 0 1 1 0 0 0 0 1 1 1 1 0
120 27 7077  1 1 0 1 1 1 1 1 1 1 0 1 1 1 0 1 1 1 1 0 1 1 1 1 1 1 1
121 27 6096  1 1 1 1 1 0 0 1 1 0 1 1 1 1 1 1 0 1 0 1 0 1 1 1 1 1 1
122 27 5320  0 1 1 1 1 1 1 1 0 1 1 1 1 0 1 1 0 0 1 1 1 0 1 1 0 1 0
123 27 3600  1 1 1 0 1 0 1 0 1 0 1 0 0 1 0 0 0 0 0 0 1 1 0 0 0 0 1
124 27 6209  0 1 1 1 0 1 1 1 1 1 1 1 1 1 1 1 0 1 1 1 1 0 1 1 1 1 0
125 27 4752  1 0 1 0 1 1 0 0 1 0 1 1 0 1 0 1 0 1 0 1 1 0 0 0 1 1 0
126 27 3611  1 0 0 0 0 1 0 0 0 1 0 0 1 0 0 1 0 1 1 0 1 1 1 1 1 1 0
127 27 5806  1 1 0 0 1 0 1 0 1 1 1 0 0 0 0 1 0 1 1 1 1 0 1 1 1 0 1
128 27 5088  1 1 1 1 1 0 1 1 0 1 1 1 1 1 0 1 1 1 1 0 0 1 1 1 1 1 1
129 27 5160  0 0 1 0 1 0 1 1 1 1 0 1 1 0 0 1 0 1 1 0 0 1 1 1 0 1 0
130 27 5131  1 0 1 1 1 0 0 1 1 1 1 1 1 0 0 1 1 0 1 0 1 1 1 0 1 0 0
131 27 6231  0 0 0 1 0 0 1 1 1 0 1 1 1 0 1 1 1 1 1 1 1 0 1 1 1 1 1
132 27 5615  1 0 1 0 1 1 0 1 0 1 1 0 0 1 1 1 1 1 0 0 1 1 1 1 0 0 1
133 27 3761  1 0 1 1 0 0 0 0 1 0 1 1 0 1 0 1 1 1 0 0 1 0 0 1 0 0 0
134 27 2021  0 0 0 0 0 0 1 0 0 0 1 0 0 0 1 0 0 0 0 0 0 0 0 0 1 0 1
135 27 1477  0 0 0 0 0 0 0 0 1 1 0 0 0 1 1 0 1 1 0 0 0 0 0 0 0 0 0
136 27 7440  1 1 1 1 1 1 1 1 1 1 1 1 1 1 1 1 1 1 1 1 1 1 1 1 1 1 1
137 27 6387  1 1 1 1 0 0 1 1 0 1 1 1 1 1 1 0 0 1 0 0 0 0 0 0 0 1 1
138 27 4175  0 0 0 1 0 1 1 1 1 0 0 1 0 0 1 0 1 1 0 1 0 0 1 0 1 1 1
139 27 3354  1 0 0 0 1 0 0 1 1 1 1 0 1 0 1 0 0 0 0 1 1 1 0 0 1 0 1
140 27 5572  1 1 0 1 0 1 1 0 0 0 0 1 1 1 0 1 0 1 0 1 1 1 0 1 1 1 0
141 27 6886  1 0 1 1 1 1 1 1 1 1 1 1 0 0 1 1 1 1 0 1 0 1 1 1 1 0 1
142 27 5012  1 0 0 0 1 1 0 1 0 0 1 0 1 0 0 1 1 0 1 0 0 1 1 1 1 1 0
143 27 3630  0 1 0 0 0 0 1 1 1 1 0 0 1 0 0 1 0 0 1 0 1 1 1 1 1 1 0
144 27 6551  1 1 1 1 1 1 1 1 1 1 1 1 1 1 1 1 0 1 1 1 1 0 1 1 1 1 1
145 27 3600  1 1 0 1 0 0 1 0 0 0 1 0 0 0 1 0 0 0 1 0 1 1 0 1 1 0 1
146 27 4654  1 1 0 0 0 1 0 1 0 1 0 1 1 0 0 0 1 0 1 0 0 0 0 1 0 0 1
147 27 4976  0 0 0 0 1 0 0 1 1 0 1 0 1 1 0 1 0 0 1 0 0 1 1 1 1 0 1
148 27 5458  0 1 0 0 1 1 1 1 1 1 0 1 1 0 0 1 1 1 0 1 1 1 0 1 0 1 1
149 27 4056  0 1 1 1 0 0 1 0 0 0 1 1 1 0 0 0 0 0 1 0 1 1 1 1 1 0 0
150 27 5989  0 0 1 1 0 1 1 1 1 0 1 1 0 1 1 1 1 0 1 1 1 1 1 1 1 1 1
151 27 3446  0 0 0 1 0 1 1 0 1 0 0 0 0 0 0 0 0 0 1 1 0 1 1 0 0 1 0
152 27 4832  0 1 0 1 1 1 0 0 0 1 0 1 0 0 1 1 0 1 1 1 1 0 1 1 0 1 0
153 27 3012  0 0 1 0 0 0 0 0 0 0 0 1 1 0 1 0 0 0 1 0 0 1 0 0 1 1 1
154 27 3640  0 1 1 0 0 0 0 1 1 1 1 1 0 1 0 1 1 0 0 1 0 0 0 0 0 0 0
155 27 5881  0 1 1 1 1 1 0 1 0 1 1 1 0 1 1 1 1 1 0 0 1 1 1 1 1 1 1
156 27 4675  0 1 0 1 0 0 1 0 1 1 0 0 1 1 0 1 0 1 0 0 1 0 0 1 1 1 0
157 27 3856  0 0 0 1 0 1 1 1 1 0 1 0 0 0 1 0 1 1 1 1 0 0 1 0 1 1 1
158 27 4086  1 0 0 1 0 0 1 1 1 0 0 1 0 1 0 0 1 1 1 0 0 0 0 0 1 1 1
159 27 5190  0 0 0 0 1 1 1 1 0 1 1 0 1 1 1 1 1 1 1 1 0 1 0 0 1 0 1
160 27 6383  1 1 1 1 0 1 1 0 1 0 0 1 1 1 1 1 1 0 0 1 1 0 1 1 1 0 1
161 27 6010  1 1 1 1 0 1 1 0 1 1 1 1 1 1 1 1 1 1 1 1 1 0 0 1 0 0 1
162 27 3431  0 1 0 0 0 1 0 0 1 0 0 0 1 1 0 1 0 0 1 0 0 0 1 0 0 0 0
163 27 6412  1 1 1 1 0 1 1 1 1 1 1 1 1 1 1 1 1 1 1 1 1 1 1 1 1 1 0
164 27 5180  0 1 1 1 1 1 1 1 0 0 0 1 1 1 0 1 1 0 0 1 1 1 1 1 0 1 0
165 27 5770  1 1 1 1 0 1 1 1 1 1 0 0 1 1 1 1 1 1 0 1 1 1 1 1 0 1 0
166 27 5593  1 1 1 1 1 1 1 1 1 1 1 1 1 1 1 1 1 1 1 1 1 1 1 1 1 1 1
167 27 6282  1 1 1 1 1 1 1 1 1 1 0 0 0 1 0 0 1 1 0 1 1 1 0 0 0 0 1
168 27 6116  1 1 1 1 0 0 0 1 1 1 0 1 1 1 1 1 1 0 1 1 1 1 1 1 1 1 1
169 27 8222  1 1 1 1 1 1 1 1 1 1 1 1 1 1 1 1 1 1 1 1 1 1 0 1 1 1 1
170 27 6064  1 0 0 0 1 1 0 1 1 1 1 1 1 1 0 1 1 0 1 1 1 1 1 0 0 1 1
171 27 6672  1 1 1 1 1 1 1 0 1 1 1 1 1 1 0 1 1 1 0 1 1 1 1 1 0 1 1
172 27 7193  1 0 1 1 1 1 1 1 1 0 1 1 1 1 0 1 1 1 1 1 1 1 1 0 1 1 1
173 27 3752  0 0 1 0 0 1 1 0 0 0 1 1 0 1 0 0 1 1 0 0 0 0 1 0 0 1 1
174 27 6001  1 1 1 1 1 0 0 1 1 1 1 0 1 1 1 1 1 1 1 1 1 1 1 1 1 1 0
175 27 2670  0 1 0 0 1 0 0 0 0 0 0 0 0 0 0 0 0 1 1 0 1 1 0 1 0 0 0
176 27 2253  0 0 0 0 1 1 0 1 0 1 1 1 0 1 0 0 0 0 0 0 0 1 0 0 0 0 0
177 27 2076  0 0 0 0 0 0 1 0 0 1 0 0 0 1 0 1 0 1 0 0 0 0 0 0 1 0 0
178 27 5172  0 1 0 0 1 1 1 1 0 0 1 0 1 0 0 1 1 1 0 1 1 0 1 1 1 1 1
179 27 5143  1 0 0 0 1 1 1 1 1 1 0 1 1 1 1 1 0 0 0 0 1 1 1 1 0 1 1
180 27 4108  0 1 0 0 0 0 0 1 1 0 1 1 0 1 1 1 1 1 1 0 1 0 1 1 1 0 0
181 27 5901  1 0 1 1 1 1 1 1 1 1 1 0 1 0 1 0 0 1 1 0 1 1 0 0 1 0 1
182 27 4959  0 0 0 1 1 0 0 1 0 1 1 0 0 1 1 0 0 0 1 0 1 1 1 1 1 1 0
183 27 4916  0 1 1 1 0 0 0 0 0 0 0 1 1 1 1 1 1 1 0 1 0 0 1 0 1 0 1
184 27 3968  0 0 0 0 0 1 1 0 0 1 1 1 1 0 1 1 0 1 1 1 0 1 0 1 0 1 0
185 27 5601  0 1 0 0 1 0 0 0 1 1 1 1 0 1 0 0 1 1 1 1 1 1 1 0 1 1 0
186 27 6942  1 0 1 1 1 1 0 1 1 1 1 1 1 1 1 1 1 1 1 0 1 0 0 1 0 1 1
187 27 7167  1 0 0 1 1 0 1 0 1 1 1 1 1 1 1 1 1 1 1 1 1 1 0 1 1 1 1
188 27 3198  1 0 0 0 0 1 0 0 0 0 0 0 1 0 1 1 0 0 0 1 1 0 1 0 1 0 0
189 27 5200  1 0 1 1 1 0 0 1 0 1 0 0 0 0 0 1 1 1 0 1 1 1 1 1 1 1 1
190 27 6928  1 1 1 1 1 1 1 1 1 1 1 1 1 1 0 1 1 1 1 1 1 1 1 1 1 1 0
191 27 5689  1 1 1 0 0 1 1 1 0 1 1 0 0 1 1 0 0 1 0 1 1 0 1 0 1 0 1
192 27 2013  0 0 0 0 0 1 1 1 0 1 0 0 0 0 0 0 1 0 0 0 0 0 0 0 0 1 1
193 27 6748  1 1 1 1 1 1 1 1 1 1 1 0 1 0 1 1 1 1 0 1 1 1 1 0 1 1 1
194 27 1385  0 0 0 0 0 0 0 0 1 0 1 0 0 0 0 0 0 0 0 0 0 0 1 0 1 0 0
195 27 3928  1 1 1 0 1 0 1 0 1 0 0 1 0 0 1 1 1 0 1 1 0 0 0 1 0 0 1
196 27 4541  1 1 0 0 0 1 1 1 0 0 0 0 1 0 1 1 1 0 0 0 1 0 1 0 1 0 1
197 27 5204  1 1 1 1 0 0 1 1 0 0 0 1 1 1 0 1 0 1 1 0 0 1 1 1 0 1 0
198 27 1121  0 0 0 0 0 0 0 0 0 0 1 0 0 0 0 0 1 0 0 0 1 0 0 0 0 1 0
199 27 5656  1 1 0 1 0 0 1 0 1 1 1 1 1 0 1 1 1 1 0 1 1 1 1 1 0 0 1
200 27 7136  1 1 1 1 1 1 1 1 1 1 1 1 1 1 1 1 1 1 1 1 1 1 1 1 1 1 1
201 27 5907  1 1 1 1 1 1 0 1 0 1 1 1 1 0 1 1 1 1 1 1 1 1 1 1 1 1 1
202 27 2069  1 0 0 0 0 0 0 0 0 0 1 1 1 0 1 0 0 0 0 0 0 0 1 0 0 0 0
203 27 1296  0 0 0 0 0 0 0 0 0 0 1 0 0 0 1 0 0 1 0 0 1 0 0 1 0 0 0
204 27 1513  0 1 1 0 0 0 0 0 0 1 0 1 0 1 1 0 0 0 0 0 0 0 0 1 0 0 0
205 27 7080  1 1 1 1 1 1 1 0 1 1 1 0 1 1 1 1 1 1 1 1 1 1 1 1 1 1 1
206 27 4207  0 0 1 0 1 1 1 1 1 1 1 0 1 0 1 0 1 0 1 1 0 1 1 0 0 1 1
207 27 2978  0 1 0 0 1 0 0 0 1 0 0 0 1 0 0 1 0 0 0 0 0 1 0 1 0 1 1
208 27 5956  1 1 1 1 1 1 1 0 1 1 1 1 1 1 1 1 1 1 1 1 1 0 1 1 1 1 1
209 27 4684  1 1 0 1 1 1 0 1 0 0 1 0 0 1 1 0 1 0 0 0 0 0 0 1 1 0 1
210 27 4455  1 1 0 1 1 0 0 1 0 1 1 0 1 0 0 0 0 0 0 1 0 1 0 1 1 0 1
211 27 3464  0 1 1 0 1 0 0 0 0 1 0 0 0 1 1 0 1 0 1 1 0 0 0 1 1 1 0
212 27 7015  1 1 1 1 1 1 1 1 1 1 1 1 1 1 1 1 1 1 1 1 1 1 1 1 1 1 1
213 27 6807  1 1 1 1 1 1 1 1 1 1 0 1 1 1 1 1 1 1 1 1 1 1 1 1 1 0 1
214 27 5783  0 0 1 1 0 0 0 1 1 0 1 1 0 1 0 1 1 1 1 1 1 1 1 1 0 1 0
215 27 1513  0 0 0 0 0 1 1 0 1 0 0 0 0 0 0 1 0 0 0 0 1 0 0 0 0 0 0
216 27 5489  1 0 0 1 1 0 1 1 0 1 0 1 0 0 1 1 1 0 1 0 0 1 0 1 1 0 1
217 27 2863  0 1 0 0 0 0 0 1 1 0 1 0 0 0 0 1 1 0 1 1 0 0 0 0 0 0 0
218 27 7425  1 0 1 1 1 0 1 1 0 0 1 1 1 0 1 1 1 1 1 1 1 1 1 0 1 1 1
219 27 6877  1 1 1 1 1 1 1 1 1 1 1 1 1 1 1 1 1 1 1 1 1 1 1 1 1 1 1
220 27 2623  1 0 0 0 0 1 1 0 0 1 1 0 1 1 0 0 0 0 0 0 0 1 1 0 1 0 0
221 27 5121  1 1 1 0 1 0 1 0 1 1 0 1 1 1 0 1 1 1 1 1 1 0 0 1 1 0 1
222 27 6089  1 1 1 0 1 1 1 1 1 1 1 1 1 1 1 1 1 0 1 1 1 1 1 1 0 1 1
223 27 6681  1 1 1 1 1 1 1 1 1 1 1 1 1 1 1 0 1 1 1 1 1 1 1 1 1 1 1
224 27 2524  0 0 0 0 0 0 1 0 0 0 1 1 0 1 0 0 1 1 0 0 0 1 0 0 0 1 0
225 27 5412  1 1 0 1 1 0 1 1 0 1 1 1 1 1 1 1 1 1 1 1 1 1 1 1 1 1 1
226 27 5441  0 1 1 1 1 1 0 0 1 1 1 1 1 0 1 0 0 0 1 1 1 0 0 0 0 1 1
227 27 5684  0 1 1 0 1 0 0 0 0 1 0 1 1 1 1 1 0 1 1 1 1 1 0 1 1 1 0
228 27 4898  1 1 0 1 0 1 1 0 1 0 0 1 1 1 0 1 1 0 1 1 1 0 0 0 0 0 0
229 27 4781  1 0 0 1 1 1 1 1 0 0 0 1 1 1 1 1 1 1 1 1 1 1 0 1 1 1 1
230 27 4687  1 0 1 1 1 0 0 0 1 0 1 1 1 1 0 1 0 1 1 0 1 0 0 1 1 0 0
231 27 5826  1 1 1 1 1 1 0 1 1 1 1 1 1 1 1 1 1 1 1 0 1 1 0 0 1 1 1
232 27 5896  1 1 0 1 1 1 1 1 1 1 1 0 1 1 1 1 1 1 1 1 1 1 1 0 1 1 1
233 27 3587  0 1 0 1 0 0 1 0 0 0 0 0 1 0 1 1 0 1 1 1 1 0 1 0 1 0 0
234 27 4822  0 1 1 0 0 0 1 0 1 0 0 0 0 1 0 1 0 1 1 1 0 1 0 0 1 1 1
235 27 5837  1 1 1 0 1 1 1 1 1 1 1 0 0 1 1 1 1 1 0 0 1 1 1 1 0 1 1
236 27 2754  1 1 1 0 0 1 0 0 0 0 0 1 0 0 0 0 0 1 0 0 0 0 0 0 0 1 1
237 27 5902  0 1 1 1 1 1 0 1 0 1 1 1 1 1 1 1 1 1 0 0 1 1 1 0 1 1 1
238 27 8533  1 1 1 1 1 1 1 1 1 1 1 1 1 0 1 1 1 1 1 1 1 1 1 1 1 1 1
239 27 2280  0 1 1 0 0 0 0 0 0 0 0 1 0 0 0 0 0 0 0 1 0 0 0 1 1 0 1
240 27 6266  1 1 1 1 1 1 1 1 1 1 1 1 1 0 1 1 1 1 1 1 1 1 1 1 1 1 1
241 27 2434  1 0 1 0 0 0 0 1 0 0 1 0 0 0 0 0 0 0 1 1 0 1 0 0 0 1 0
242 27 4918  0 0 1 0 1 0 1 1 1 1 0 1 1 0 1 1 1 1 0 1 0 1 1 1 1 0 1
243 27 7102  1 1 1 1 1 1 1 1 1 1 1 1 1 1 1 1 1 1 1 1 1 1 1 1 1 1 1
244 27 3151  1 0 1 1 0 0 1 0 0 0 1 0 1 0 0 0 0 0 0 0 1 1 0 1 0 0 0
245 27 3210  0 1 1 1 1 1 0 1 0 0 0 0 0 0 1 0 0 0 1 1 0 0 0 0 1 0 0
246 27 4211  1 0 1 0 1 1 0 1 0 0 1 1 0 1 0 0 1 1 0 1 0 1 1 0 1 0 0
247 27 2191  1 0 1 1 0 0 1 0 1 1 0 0 0 1 0 0 0 0 0 1 0 0 0 0 0 0 1
248 27 4096  0 1 1 1 1 0 1 1 0 0 0 1 1 1 0 1 1 1 0 1 0 0 1 1 1 0 0
249 27 4288  1 1 1 1 1 0 1 0 1 1 0 0 0 0 0 0 1 0 0 1 0 0 0 1 0 1 0
250 27 5729  1 0 0 1 0 1 0 1 0 1 1 0 1 0 1 1 1 1 1 1 1 1 1 1 1 0 1
251 27 5270  1 1 0 0 0 0 1 1 1 1 1 1 0 1 1 1 1 1 1 1 0 1 1 1 1 0 0
252 27 5589  0 1 0 0 1 1 1 1 1 0 1 0 1 1 1 1 1 1 0 1 0 0 1 1 1 1 0
253 27 5314  1 0 0 1 0 0 0 1 1 1 1 1 1 1 0 0 0 0 0 1 1 0 1 1 0 1 1
254 27 6847  1 1 0 0 1 1 1 1 0 1 1 0 1 0 1 1 0 1 0 1 1 1 1 1 1 1 1
255 27 4189  1 1 1 0 1 0 0 1 0 0 0 1 1 0 0 1 0 1 1 0 0 1 1 0 0 1 0
256 27 6752  1 1 1 1 1 1 1 1 1 1 1 1 1 1 1 1 1 1 1 1 1 1 1 1 1 1 1
257 27 6854  1 1 0 1 1 1 1 1 1 1 1 1 1 1 1 1 1 0 1 0 1 0 0 0 1 1 1
258 27 6273  1 1 1 1 1 1 1 1 1 1 1 1 0 1 1 1 1 1 1 1 1 1 1 1 1 1 1
259 27 6888  1 1 1 1 1 1 1 1 1 1 1 1 1 1 1 0 1 1 0 1 1 1 0 0 1 1 0
260 27 6445  1 1 1 1 1 1 1 1 1 1 1 1 1 1 1 1 1 1 1 1 1 1 1 1 1 1 1
261 27 5576  1 1 1 0 1 1 0 1 1 1 1 0 1 1 1 1 1 1 1 1 0 0 1 0 1 1 1
262 27 3270  1 1 0 0 0 1 0 1 0 1 0 1 0 0 1 0 0 0 1 0 1 1 0 0 0 0 0
263 27 6685  1 1 1 1 1 1 1 1 1 1 1 1 1 1 1 1 1 1 1 1 0 1 1 1 1 1 1
264 27 6384  1 0 0 1 1 1 1 0 1 1 1 0 0 1 0 1 1 0 1 0 1 1 1 0 1 1 1
265 27 6409  0 1 1 1 0 1 1 1 1 1 0 1 1 1 1 1 0 1 0 1 1 1 1 1 1 1 1
266 27 5371  1 1 1 1 1 1 0 0 0 1 1 1 1 1 0 1 1 1 0 1 1 1 1 1 1 1 1
267 27 4544  1 1 1 1 0 0 0 1 1 0 1 1 1 1 0 0 1 1 1 0 0 1 0 1 1 0 0
268 27 6008  1 1 1 1 1 0 1 1 1 1 1 1 1 1 1 1 1 0 1 0 0 1 1 1 0 0 1
269 27 1562  0 1 0 0 1 0 0 0 0 0 0 0 0 0 1 0 0 0 0 0 0 0 0 0 1 0 0
270 27 6301  1 1 1 1 0 1 1 1 0 1 1 1 1 1 1 1 1 0 1 1 1 1 1 1 0 1 1
271 27 3439  1 1 0 0 0 1 0 0 1 0 0 0 1 0 0 1 0 0 1 1 0 1 0 0 0 0 0
272 27 5763  1 0 1 1 1 0 1 1 0 0 0 1 1 0 0 1 1 0 1 1 1 1 1 1 1 1 1
273 27 3880  0 0 1 0 0 0 0 0 1 0 0 1 1 0 0 1 1 0 0 1 0 1 1 1 1 0 1
274 27 5468  1 1 1 1 1 0 1 1 1 1 1 0 1 0 1 1 1 1 0 0 0 1 0 1 1 1 0
275 27 2704  1 0 0 0 1 0 0 0 0 1 0 0 0 0 1 0 0 0 0 0 0 1 1 0 1 0 1
276 27 2487  0 1 1 0 1 0 1 0 1 0 1 0 1 0 0 0 0 0 0 0 0 0 0 0 0 0 0
277 27 3049  0 0 0 1 0 0 0 0 1 0 1 0 0 0 0 1 1 1 0 0 0 1 0 0 0 0 1
278 27 6289  0 1 1 1 1 1 1 0 1 1 1 1 1 1 1 1 0 1 1 1 1 1 1 1 1 1 0
279 27 5607  1 0 1 1 1 1 1 1 0 0 1 1 1 0 1 0 1 1 1 0 0 1 1 1 0 0 1
280 27 6490  0 1 1 1 1 1 1 1 1 0 1 1 0 0 1 1 1 1 1 1 0 1 1 1 0 1 1
281 27 5641  0 0 0 1 1 0 1 0 1 0 0 0 1 0 0 1 1 1 0 1 1 1 0 1 0 1 0
282 27 7342  1 1 1 1 1 1 1 1 1 1 1 1 1 1 1 0 1 1 1 1 1 1 1 1 1 1 1
283 27 6663  1 1 1 1 1 1 1 1 1 1 1 1 1 1 1 1 1 0 1 1 1 1 0 1 1 1 1
284 27 5790  1 1 1 1 1 1 1 1 1 1 1 1 1 1 1 1 1 1 1 1 1 1 1 1 1 1 1
285 27 6095  1 1 1 1 1 0 0 0 1 1 1 0 0 0 1 0 1 1 0 1 1 1 1 1 0 1 1
286 27 2495  0 0 1 1 0 0 0 1 0 0 1 0 0 0 1 0 0 1 0 0 0 0 0 0 1 0 1
287 27 4722  1 0 0 1 1 0 1 1 1 1 0 0 1 0 0 1 0 0 1 1 1 1 0 0 0 1 1
288 27 6716  1 1 1 1 1 1 0 1 1 1 1 1 1 1 1 1 1 1 1 1 1 1 1 1 1 1 1
289 27 5650  1 1 1 1 0 0 1 1 1 1 1 1 1 0 1 0 1 1 0 1 1 1 0 1 0 1 1
290 27 2402  0 0 0 0 0 0 1 1 0 0 0 0 1 0 0 0 0 0 1 0 1 1 0 0 0 0 1
291 27 1872  0 0 0 1 0 0 0 0 1 0 1 0 0 0 0 1 0 0 0 1 0 0 1 0 0 0 1
292 27 1885  0 0 0 0 0 0 0 0 0 1 0 1 0 0 0 0 1 0 0 0 0 1 1 0 0 0 0
293 27 6138  1 0 1 1 1 1 1 1 1 1 1 1 1 1 1 1 1 0 0 1 1 1 0 0 0 1 1
294 27 3099  1 1 0 1 1 1 1 1 0 0 0 1 0 0 1 0 1 0 1 1 0 0 1 0 0 0 1
295 27 7157  1 1 1 1 1 1 1 1 1 1 1 1 1 1 1 1 1 1 1 1 1 1 1 1 1 1 1
296 27 6757  0 1 1 1 1 1 1 1 0 1 1 0 1 1 0 1 1 0 1 1 1 1 1 1 1 1 1
297 27 6576  1 1 0 1 1 0 1 1 1 1 1 1 1 0 1 0 0 1 1 1 1 1 1 1 1 1 1
298 27 6641  1 1 1 1 1 1 0 0 1 1 1 1 1 1 1 1 1 1 1 0 1 1 1 0 1 0 1
299 27 7523  1 1 0 1 0 1 1 1 1 1 1 1 1 0 1 1 1 1 0 0 1 1 1 1 1 1 1
300 27 7919  1 1 1 1 1 1 1 1 1 1 1 1 1 1 1 1 1 1 1 1 1 1 1 1 1 1 1
301 27 5007  1 1 0 1 0 1 1 1 1 1 1 1 0 1 1 0 1 0 1 0 0 0 0 1 1 0 1
302 27 6993  1 0 1 1 1 1 1 0 0 1 1 1 1 1 1 1 1 0 1 1 1 0 1 1 1 1 1
303 27 5880  1 1 1 1 0 0 1 1 0 1 0 1 0 0 1 1 1 0 0 1 1 1 0 1 1 1 1
304 27 5660  0 0 0 1 1 1 1 1 0 1 1 0 1 1 1 1 0 0 1 1 1 1 1 1 1 0 1
305 27 6791  1 1 1 1 1 1 1 1 1 0 1 1 1 0 1 0 0 1 1 1 1 1 1 1 1 1 1
306 27 7767  1 1 1 1 1 1 1 1 1 1 1 1 1 1 1 1 1 1 1 1 1 1 1 1 1 1 1
307 27 4936  0 1 1 0 0 1 1 1 1 0 1 1 0 1 1 1 0 1 0 0 0 0 0 1 0 1 1
308 27 3357  0 1 1 1 0 0 0 1 0 0 0 0 0 1 0 0 0 1 1 1 0 1 0 0 0 1 0
309 27 3919  1 1 1 1 0 0 0 0 1 0 1 0 1 1 0 0 0 1 1 0 0 0 0 1 1 0 0
310 27 5703  1 1 1 0 1 1 1 0 1 1 1 1 1 1 1 1 1 1 1 1 1 1 1 1 1 1 1
311 27 3698  0 0 0 0 0 0 1 1 0 0 0 1 1 1 1 1 0 1 1 0 1 0 0 0 0 1 0
312 27 1081  1 0 0 0 0 0 0 0 1 0 0 0 0 0 0 0 0 0 1 0 1 0 0 0 0 0 0
313 27 2034  0 1 1 0 0 0 0 0 0 1 0 0 0 0 0 0 0 0 0 0 0 0 0 1 1 0 1
314 27 2840  0 0 1 0 0 0 0 1 0 1 0 1 0 1 0 1 0 0 0 0 0 0 0 0 0 1 1
315 27 6098  1 1 1 1 0 1 1 1 0 1 1 1 0 1 1 1 1 1 0 0 0 0 1 1 1 1 1
316 27 2488  1 0 0 0 0 0 0 1 0 0 0 1 1 1 1 0 0 0 0 0 0 0 0 1 0 0 0
317 27 3406  0 0 0 1 0 0 0 1 1 0 0 0 0 0 1 0 0 0 1 1 1 0 1 1 1 1 0
318 27 2506  0 1 1 0 0 0 0 0 0 0 0 0 0 1 1 0 0 1 1 0 0 0 0 1 0 0 1
319 27 5350  1 1 1 1 1 1 1 1 1 1 1 1 1 1 1 1 1 1 1 1 1 1 1 1 1 1 1
320 27 3279  0 0 0 0 1 0 0 1 1 1 1 0 1 0 0 1 0 0 1 0 1 0 0 0 1 0 1
321 27 6754  1 1 1 1 1 1 1 0 1 1 1 1 0 1 1 1 0 1 1 1 0 0 0 1 0 1 1
322 27 6399  1 0 1 1 0 1 1 1 1 1 0 1 1 1 0 1 1 1 1 1 1 1 1 1 1 1 1
323 27 5221  1 0 0 1 1 1 1 1 0 0 1 0 1 1 1 0 1 1 1 1 1 0 1 1 1 0 1
324 27 5508  1 1 1 1 1 1 1 0 1 0 1 1 1 1 0 1 1 0 1 1 1 1 1 1 1 0 1
325 27 6573  1 0 1 1 1 1 1 1 1 1 0 1 1 1 1 1 1 1 1 0 1 1 1 1 0 1 1
326 27 6420  1 1 1 1 0 0 0 0 0 1 0 1 1 1 1 1 1 1 1 1 1 1 1 1 1 1 1
327 27 6611  0 1 0 1 1 1 1 1 1 1 1 1 1 1 1 1 1 1 1 1 1 1 1 1 1 1 1
328 27 1698  0 0 0 0 0 0 0 0 0 0 0 0 0 1 0 1 0 0 0 0 0 0 0 0 0 1 1
329 27 2940  1 0 0 0 0 1 1 0 0 1 0 0 1 0 0 0 0 0 1 0 0 0 1 0 0 1 1
330 27 4582  0 1 0 0 1 1 1 0 1 0 0 1 1 0 1 0 1 0 1 1 0 1 1 0 0 1 1
331 27 3397  0 0 0 0 1 1 0 1 0 0 0 0 1 0 1 0 1 0 1 0 0 0 1 0 0 1 0
332 27 3077  0 0 1 0 0 0 1 0 0 0 0 1 1 1 0 0 0 0 0 0 1 0 0 1 0 1 1
333 27 2228  0 0 0 0 0 1 0 0 0 0 0 0 0 1 0 1 1 0 0 0 0 0 0 0 1 0 1
334 27 3741  1 1 0 1 1 1 0 0 0 0 1 0 0 1 0 0 0 1 0 1 1 1 0 1 0 1 1
335 27 5308  1 1 1 1 1 1 1 1 1 1 0 1 1 0 1 0 1 1 1 1 0 0 1 1 1 1 1
336 27 2719  0 0 1 0 0 0 0 1 1 0 0 0 0 0 1 0 1 0 1 1 1 0 0 0 0 1 0
337 27 6770  1 1 1 0 0 0 1 0 0 0 1 1 1 1 0 1 1 1 1 1 1 1 1 1 0 1 1
338 27 6438  1 1 1 0 1 1 1 0 0 1 1 1 1 1 1 1 1 1 1 0 1 1 1 0 1 0 1
339 27 6273  0 0 1 1 1 1 0 1 1 1 1 0 0 1 1 1 0 1 1 0 1 1 1 1 1 0 1
340 27 7011  0 1 0 0 1 1 1 1 0 1 1 1 1 1 0 1 0 1 1 1 1 1 0 1 0 1 1
341 27 8315  1 1 1 1 1 0 1 1 1 1 1 1 1 1 1 1 1 0 1 1 1 1 1 1 1 1 1
342 27 6352  1 1 1 1 1 1 1 1 1 1 1 1 1 1 1 1 1 1 1 1 1 1 1 1 1 1 1
343 27 5723  1 1 1 1 0 1 1 1 0 1 1 1 1 1 1 1 0 1 1 1 1 1 1 1 1 1 1
344 27 3098  0 1 1 1 1 0 0 1 0 0 0 1 0 1 1 1 0 0 1 0 1 0 1 0 0 0 0
345 27 2654  0 1 0 0 0 0 1 0 0 0 0 0 0 1 0 1 0 0 0 0 1 0 0 0 1 0 1
346 27 6541  1 1 1 1 1 1 1 1 1 1 1 1 1 1 1 1 1 1 1 1 1 1 1 1 1 1 1
347 27 6387  0 0 1 1 1 1 1 1 1 0 1 1 1 0 1 1 1 1 0 1 1 1 1 1 1 1 1
348 27 6176  1 0 1 1 1 1 1 1 1 1 1 1 1 1 1 1 1 1 1 1 1 1 1 1 1 1 1
349 27 1412  1 0 0 0 1 0 0 0 0 0 0 0 0 0 0 0 1 0 0 0 0 0 0 0 0 0 0
350 27 6153  0 1 1 0 0 1 1 1 1 1 1 1 1 1 1 1 1 0 1 1 1 1 0 1 1 1 1
351 27 1724  0 0 0 0 0 0 0 0 1 1 0 0 0 0 0 0 1 0 0 0 0 1 0 1 0 0 0
352 27 6849  0 1 1 1 1 0 0 1 1 1 1 1 1 1 0 1 1 1 1 1 1 0 1 1 1 1 1
353 27 6004  1 1 1 1 1 1 1 1 1 1 1 0 1 1 1 0 0 1 1 1 0 0 1 1 1 0 1
354 27 6783  1 1 1 1 1 1 1 1 1 1 1 1 1 1 1 1 1 1 1 1 1 1 1 1 1 1 1
355 27 5364  0 1 1 1 1 1 0 1 0 1 0 1 0 1 1 1 1 0 1 0 1 1 1 1 1 1 1
356 27 7110  1 1 1 0 1 1 1 0 0 1 1 1 1 1 1 1 1 1 0 1 1 1 1 1 0 1 1
357 27 6884  1 1 1 1 1 1 1 1 1 1 1 1 1 1 1 1 1 1 1 1 1 1 1 1 1 1 1
358 27 4645  0 0 0 0 1 1 1 0 0 1 0 1 1 1 1 0 1 1 0 0 1 1 0 1 0 0 1
359 27 5539  1 0 0 0 1 0 1 1 1 1 1 1 1 0 0 0 0 1 1 1 1 1 0 1 0 1 1
360 27 5892  1 1 1 1 1 1 1 1 0 1 1 1 0 1 1 0 1 1 0 1 1 0 1 1 0 0 1
361 27 6766  1 0 1 1 1 1 1 1 1 1 1 1 1 1 1 1 1 0 0 0 1 1 1 1 0 1 0
362 27 3594  1 0 0 0 0 0 1 0 1 0 1 1 1 1 0 0 1 0 0 1 1 0 0 0 1 0 1
363 27 5478  1 1 1 1 1 1 1 1 1 1 1 1 1 1 1 1 1 1 1 1 1 1 1 1 1 1 1
364 27 2025  0 0 1 0 1 0 0 0 0 0 0 0 0 0 0 0 0 1 0 0 1 0 0 0 0 0 1
365 27 5834  1 1 1 1 0 0 1 0 0 1 0 1 1 1 0 1 0 1 1 1 1 1 1 0 0 0 1
366 27 1589  0 1 0 0 0 0 0 1 0 0 0 1 1 0 0 0 0 0 0 0 1 0 0 0 0 0 1
367 27 6859  0 1 1 1 1 1 1 1 0 1 1 0 1 1 1 0 1 0 1 1 1 1 1 1 0 1 1
368 27 6431  1 1 0 1 1 1 1 1 1 1 1 1 1 0 1 0 1 1 0 1 1 1 1 1 1 0 1
369 27 4518  1 0 1 0 0 1 1 0 0 1 0 0 1 0 1 0 0 0 1 1 0 1 1 0 0 1 1
370 27 5288  1 1 0 1 1 1 1 0 0 0 1 1 1 0 1 1 0 1 1 0 0 1 1 1 0 0 1
371 27 6429  1 0 1 1 0 1 0 0 1 1 1 1 0 1 1 1 1 0 1 1 1 1 1 0 0 0 1
372 27 2438  1 1 0 0 1 0 0 1 0 0 0 1 0 0 0 1 0 0 1 0 0 0 1 0 0 0 0
373 27 6834  1 1 1 1 1 1 1 0 1 1 1 1 1 1 1 1 1 1 1 1 1 1 1 1 1 1 1
374 27 5828  1 1 1 1 1 0 1 1 1 1 1 0 1 1 1 1 1 1 1 1 1 1 1 1 1 0 0
375 27 4588  1 1 0 1 1 0 0 1 1 0 1 0 1 1 0 0 1 0 1 1 0 1 0 1 0 1 0
376 27 6453  1 1 1 1 1 1 1 1 1 1 1 1 1 1 1 0 1 1 1 1 1 1 1 1 1 1 1
377 27 6653  1 1 1 1 1 1 0 1 1 0 1 1 1 1 1 1 0 0 1 1 1 1 1 1 1 0 1
378 27 6816  1 1 1 1 1 1 1 1 1 1 1 1 1 1 1 1 1 1 1 1 1 1 0 1 1 1 1
379 27 7146  1 1 1 1 1 1 1 0 1 1 1 1 1 1 1 1 1 1 1 1 1 1 1 1 1 1 1
380 27 7247  1 1 1 1 1 1 1 1 1 1 1 1 1 1 1 0 1 1 1 1 1 1 1 1 1 1 1
381 27 5712  1 1 1 1 0 1 0 0 1 1 1 1 1 1 0 0 1 1 1 0 1 1 0 0 1 0 1
382 27 5912  1 1 0 1 1 0 1 0 1 1 1 1 0 1 1 1 1 1 1 1 1 1 1 0 1 1 1
383 27 5315  0 0 1 1 1 0 1 1 0 0 1 1 1 1 0 1 1 1 0 1 1 0 1 1 0 0 1
384 27 2933  1 0 0 0 1 0 0 0 0 1 1 0 0 0 1 1 1 1 0 0 0 0 1 0 1 0 0
385 27 1447  1 0 0 0 0 0 0 0 0 0 1 0 0 1 0 0 0 0 0 0 0 0 0 1 0 0 1
386 27 5267  0 0 1 1 0 1 1 1 1 1 1 1 1 1 0 1 1 1 1 1 0 1 1 1 1 1 1
387 27 6684  1 1 1 1 1 1 1 1 1 1 1 1 0 1 1 1 1 1 1 0 1 1 1 1 0 1 0
388 27 6083  1 1 1 1 1 1 1 1 1 1 1 1 1 1 0 0 1 1 1 1 1 1 1 1 0 0 1
389 27 2443  0 1 1 0 0 1 0 1 0 0 0 0 0 1 0 0 0 1 0 0 0 1 0 1 0 1 0
390 27 6035  0 1 1 1 1 0 0 1 1 1 1 1 0 1 1 1 1 1 1 1 1 1 1 1 1 1 1
391 27 2433  0 0 1 0 0 1 0 0 0 0 0 0 0 0 0 1 0 1 0 0 1 0 1 1 0 1 0
392 27 4396  1 0 0 1 0 0 0 0 0 0 1 1 1 0 1 1 0 1 1 1 0 1 1 0 1 0 0
393 27 2316  0 1 0 0 0 0 0 0 1 0 1 1 0 0 0 1 0 0 1 0 0 0 1 0 0 0 0
394 27 6817  1 1 0 1 1 1 1 1 1 1 1 1 1 1 1 1 1 1 1 1 0 1 1 1 1 1 1
395 27 6076  1 1 1 1 1 0 1 1 1 1 1 0 1 1 1 1 1 0 0 1 1 1 1 0 1 0 1
396 27 4078  0 1 1 1 0 1 1 0 0 1 0 0 1 0 1 1 0 0 0 0 0 0 1 1 0 1 0
397 27 6702  1 1 1 1 1 1 1 1 1 1 1 1 1 1 1 1 1 1 1 1 1 1 1 1 1 1 1
398 27 5923  0 1 1 1 1 1 1 1 1 1 1 1 1 1 1 1 1 1 1 1 1 1 1 1 0 1 1
399 27 6813  1 1 1 1 1 1 1 1 1 1 1 1 1 1 1 1 1 1 1 1 1 1 1 0 1 1 1
400 27 2019  1 1 0 0 1 0 0 0 0 0 0 0 0 0 0 0 0 0 1 1 1 0 0 0 1 0 0
401 27 5583  1 1 1 1 1 1 1 1 1 1 1 1 1 1 1 1 1 1 1 1 1 1 1 1 1 1 1
402 27 5915  0 1 1 1 0 1 0 1 1 1 1 1 1 1 1 1 0 1 0 1 1 1 1 1 0 0 1
403 27 3534  1 0 1 0 0 1 0 0 0 0 1 0 1 0 0 0 0 1 1 0 0 0 0 1 0 1 1
404 27 7413  1 1 1 1 1 1 1 1 1 1 1 1 0 1 1 1 1 1 1 1 1 1 0 1 0 0 1
405 27 5518  1 1 1 1 1 1 1 1 1 0 1 1 1 1 1 1 1 1 1 1 1 1 1 1 1 1 1
406 27 2451  0 0 0 0 0 0 0 0 0 0 1 0 0 0 0 0 0 0 0 1 0 1 1 1 0 1 1
407 27 3457  0 0 0 0 1 1 0 1 0 0 1 0 0 0 0 0 1 1 0 0 0 1 1 1 1 0 1
408 27 3669  1 1 1 1 1 0 0 1 1 0 1 1 1 0 0 1 0 0 1 1 1 0 1 0 0 0 1
409 27 6971  1 1 1 0 1 1 1 1 1 1 1 1 1 1 1 1 1 1 1 1 1 1 1 1 1 1 1
410 27 4583  1 1 1 0 0 0 1 0 0 1 0 1 1 1 0 0 0 1 1 0 1 1 1 0 0 0 0
411 27 3414  0 0 1 1 0 1 1 1 0 1 0 1 0 0 0 0 0 1 0 0 1 0 0 1 0 1 0
412 27 3792  1 0 0 1 0 1 1 0 0 1 1 0 1 0 0 0 1 1 0 1 0 0 0 1 0 0 0
413 27 2879  0 0 0 0 0 1 0 0 0 0 1 1 0 1 0 1 0 1 1 1 0 0 0 0 0 0 0
414 27 6034  0 1 0 1 0 1 1 0 1 1 1 0 1 1 1 1 1 0 0 1 1 1 0 1 0 1 1
415 27 7424  1 1 1 1 1 1 1 1 0 1 1 1 1 1 1 1 1 1 1 1 1 1 1 1 1 1 1
416 27 2439  1 1 1 0 1 0 0 0 1 0 0 0 0 0 0 0 0 0 0 0 0 1 0 1 1 0 0
417 27 5721  1 1 1 1 1 1 1 1 1 1 1 1 1 1 0 1 1 1 1 1 1 1 1 1 1 1 1
418 27 5354  1 0 0 0 0 0 1 0 1 1 1 0 1 1 0 1 1 1 0 1 0 0 1 0 0 1 0
419 27 5089  1 1 1 1 1 1 1 1 1 1 1 1 1 1 1 1 1 1 1 0 1 1 1 1 1 1 1
420 27 5922  0 1 1 1 1 1 1 1 0 0 1 1 1 1 1 0 1 1 1 0 0 1 1 1 1 1 1
421 27 6421  1 1 1 1 0 0 1 1 1 1 1 1 1 1 1 1 1 1 1 0 1 0 1 1 1 0 0
422 27 5893  0 1 1 0 0 1 1 0 1 1 1 1 1 1 1 0 1 0 1 0 1 1 1 1 1 1 0
423 27 3751  0 0 1 0 0 0 1 1 1 0 0 0 0 0 1 0 0 0 0 0 0 0 1 1 0 1 1
424 27 5363  1 1 1 1 1 0 0 0 1 0 0 1 1 1 1 1 1 0 0 1 1 1 0 1 0 1 1
425 27 1379  0 0 0 0 0 0 0 0 0 1 0 0 0 1 0 0 0 0 0 0 0 1 0 1 0 0 0
426 27 7123  1 1 1 1 1 1 1 1 1 1 1 1 1 1 1 1 1 1 1 1 1 1 1 1 0 1 1
427 27 4533  1 0 0 0 0 0 1 1 1 0 0 0 1 1 0 0 1 0 0 1 1 1 1 1 0 1 0
428 27 3350  0 0 1 0 0 1 1 0 0 0 1 0 1 0 0 1 1 0 1 0 0 0 0 1 1 0 0
429 27 6332  1 0 0 0 0 1 0 1 0 1 1 1 1 1 1 1 1 1 1 1 1 1 1 1 1 0 1
430 27 6015  1 1 1 1 1 1 1 1 1 1 1 1 0 1 1 1 1 0 1 1 1 0 0 1 1 1 1
431 27 6541  0 1 0 1 1 0 0 1 1 1 1 1 1 0 1 0 1 1 1 1 0 0 1 1 1 1 1
432 27 3362  1 0 0 0 1 0 1 0 0 1 0 1 1 0 0 1 1 0 0 0 0 1 1 0 0 1 0
433 27 6293  1 1 1 1 1 1 1 1 1 1 1 1 1 1 1 1 1 1 1 1 1 1 0 1 1 0 1
434 27 5330  0 0 0 1 1 0 1 0 1 1 1 1 0 1 1 0 1 0 1 1 1 1 0 1 1 0 1
435 27 5063  1 1 0 1 1 0 1 1 1 0 1 0 1 1 1 0 1 1 0 0 0 0 0 1 1 0 1
436 27 8113  1 1 1 1 1 1 1 1 0 1 0 1 1 1 1 1 1 1 1 1 1 1 1 0 1 1 1
437 27 6249  1 0 0 1 1 0 1 1 0 0 1 1 1 1 1 1 1 1 1 1 1 0 0 1 1 1 1
438 27 7063  1 1 1 0 1 1 1 1 1 0 1 1 1 1 1 1 1 1 1 0 1 1 1 1 1 1 1
439 27 4993  1 0 0 0 0 1 0 1 1 0 0 1 1 1 1 1 1 0 0 1 1 0 1 1 0 1 1
440 27 5332  1 1 0 0 1 1 1 0 1 1 1 1 0 0 0 1 1 1 0 1 1 0 1 1 1 0 0
441 27 3825  0 0 0 0 1 0 0 0 1 1 0 0 1 0 1 1 0 0 1 0 1 1 1 0 0 1 0
442 27 7110  1 0 1 1 1 1 1 1 1 1 1 1 1 1 1 1 1 1 1 1 1 1 1 1 1 0 1
443 27 4125  0 1 0 0 0 0 1 0 0 1 1 1 0 1 1 1 1 1 0 1 0 0 1 1 0 1 0
444 27 4789  1 1 1 1 0 1 0 0 0 1 0 1 0 0 0 1 1 0 0 1 1 0 0 1 1 1 1
445 27 2466  0 1 0 0 1 0 0 0 1 0 0 0 1 0 0 0 0 0 0 0 0 0 1 0 1 1 1
446 27 5040  0 1 0 0 1 1 0 1 1 1 1 1 0 1 1 1 0 0 0 0 1 1 0 1 1 1 0
447 27 5244  1 1 1 0 1 1 0 0 1 0 0 1 1 1 1 1 0 0 0 1 1 0 0 1 0 0 1
448 27 6357  1 1 1 0 1 1 1 1 1 1 1 1 0 1 1 1 1 1 1 1 1 1 1 1 1 1 1
449 27 4601  1 0 1 0 0 0 1 1 1 0 0 1 1 0 0 1 0 1 0 1 1 0 0 0 1 0 1
450 27 6112  1 0 1 0 1 1 1 1 1 1 1 1 1 1 1 1 1 1 1 1 1 1 0 0 1 1 1
451 27 4719  1 1 0 0 1 1 1 0 1 1 0 1 1 0 0 0 0 0 0 0 1 0 0 1 1 1 0
452 27 5768  1 1 1 1 1 1 1 1 1 1 1 1 1 1 1 1 1 1 1 1 1 1 1 1 1 1 1
453 27 4986  0 1 1 0 0 1 1 1 1 1 0 1 0 1 0 1 1 1 1 1 1 0 1 0 0 1 0
454 27 6570  0 0 1 1 1 1 0 1 1 1 1 0 0 1 0 1 0 1 0 1 1 1 1 0 1 0 1
455 27 5824  1 1 1 0 1 1 1 1 1 1 1 1 0 1 1 1 1 0 1 1 1 1 1 1 1 1 1
456 27 7241  1 1 1 1 1 1 1 1 1 0 1 1 1 1 1 1 1 1 1 1 1 1 1 1 1 1 1
457 27 4446  0 1 1 0 1 1 0 0 0 0 0 0 1 1 1 1 0 0 1 1 0 0 1 1 1 0 0
458 27 4959  0 0 0 1 1 1 1 0 0 1 0 0 0 1 1 1 1 1 0 1 1 1 0 1 1 0 0
459 27 5457  1 1 1 0 0 1 1 1 1 1 0 0 0 0 1 1 1 0 0 1 0 0 1 1 1 1 1
460 27 7630  0 1 0 1 1 1 1 1 1 1 1 1 1 1 0 1 1 1 1 1 1 1 0 1 1 1 1
461 27 5461  0 1 0 0 0 0 0 1 1 0 1 0 1 1 0 1 0 0 1 0 1 1 0 0 1 1 1
462 27 6630  1 1 1 1 1 0 1 0 1 1 0 1 1 1 1 0 1 1 1 1 1 1 1 1 1 1 1
463 27 3459  0 0 0 0 1 1 0 0 1 1 0 0 0 1 0 0 0 1 1 0 1 1 1 0 0 0 1
464 27 7021  1 1 1 0 1 0 1 1 1 1 0 1 1 1 1 1 1 1 1 1 1 1 1 1 1 1 1
465 27 5119  1 1 1 1 0 1 1 1 1 1 1 1 1 1 1 1 1 1 1 1 1 1 1 1 1 1 1
466 27 3648  0 0 1 0 0 1 1 1 0 1 1 0 1 1 0 0 0 0 0 0 0 1 1 0 1 1 0
467 27 4497  0 1 1 0 1 0 1 0 0 0 0 1 0 1 0 1 1 1 0 1 1 0 0 0 0 1 1
468 27 1911  0 1 1 0 0 1 0 0 0 0 0 0 0 0 0 1 0 0 1 0 1 0 0 0 0 0 0
469 27 1876  1 0 0 1 0 1 0 0 0 0 0 0 1 0 0 0 0 0 1 1 0 0 0 0 0 0 0
470 27 5294  1 1 1 1 0 0 1 1 1 0 1 1 1 0 1 1 1 1 0 0 0 1 0 1 0 0 1
471 27 4983  1 1 1 1 1 1 1 1 1 1 1 1 1 1 1 1 1 1 1 1 1 1 1 1 1 1 1
472 27 7344  1 1 1 1 1 1 1 1 1 1 1 1 1 1 1 1 1 1 1 1 1 1 1 1 1 1 1
473 27 7245  1 1 1 1 1 1 0 1 1 1 1 1 1 0 1 1 1 1 1 1 1 1 1 1 1 1 1
474 27 7121  1 1 1 1 0 1 1 1 1 1 1 1 1 1 1 1 1 1 1 0 1 1 1 1 1 1 1
475 27 6431  1 1 1 1 1 1 1 1 1 0 1 1 1 1 1 1 1 1 1 0 1 1 1 1 1 0 1
476 27 6526  1 1 1 1 0 1 1 1 1 1 1 1 0 1 1 1 1 1 1 1 1 1 1 1 1 0 0
477 27 5494  0 1 0 1 0 1 1 1 1 1 1 0 1 0 1 0 0 1 1 0 1 1 0 1 0 0 0
478 27 2362  1 0 0 0 0 0 0 0 0 1 0 1 1 0 0 0 0 1 0 0 1 0 1 0 0 0 1
479 27 5068  1 0 0 0 1 1 1 1 1 0 1 1 0 0 1 0 1 1 0 0 1 0 1 1 1 0 1
480 27 8067  1 1 1 1 1 1 1 1 1 1 1 1 1 1 1 1 1 1 1 1 1 1 1 1 1 1 1
481 27 5044  1 1 0 1 0 0 1 0 0 1 1 0 0 0 1 1 0 1 1 1 0 1 0 1 0 1 1
482 27 6456  1 1 1 1 1 1 1 1 1 1 1 1 1 1 1 1 1 1 1 1 1 1 1 1 1 1 1
483 27 4209  0 1 0 0 0 0 1 0 0 1 1 1 0 1 1 0 0 1 1 0 1 0 1 0 1 0 1
484 27 5888  1 1 1 1 1 1 1 1 1 1 1 1 1 1 1 1 1 1 1 1 1 1 1 1 1 1 1
485 27 6124  0 1 0 1 1 1 1 1 1 1 0 1 1 1 1 1 1 0 1 1 1 1 1 1 0 1 1
486 27 2627  0 0 0 0 1 0 0 0 1 0 1 0 1 1 0 0 0 1 0 0 0 1 1 1 0 0 0
487 27 5527  1 1 1 1 0 1 1 1 1 0 1 1 1 1 1 1 1 1 1 1 1 1 1 1 1 0 1
488 27 5240  1 1 1 0 0 1 1 1 1 1 1 1 1 1 0 1 1 1 1 1 1 1 1 1 1 1 1
489 27 5485  1 0 1 0 1 1 1 0 1 0 0 1 0 0 1 0 0 1 1 1 1 1 1 1 1 1 0
490 27 4382  0 1 1 1 1 1 1 0 0 0 1 1 0 1 1 0 0 1 1 0 1 1 0 0 0 0 1
491 27 6145  1 1 1 0 1 1 1 1 1 1 0 0 1 1 1 1 1 1 1 1 1 1 0 1 1 1 1
492 27 6716  1 1 1 1 1 1 1 1 1 1 1 1 1 1 1 1 0 1 1 1 1 1 1 0 1 1 1
493 27 3599  0 0 1 0 1 1 1 0 0 0 0 0 1 0 1 1 0 0 1 0 1 0 0 0 1 0 1
494 27 3457  0 0 1 0 1 0 1 0 1 0 1 1 1 0 0 0 0 0 0 1 0 0 0 0 0 1 1
495 27 6063  1 1 1 1 1 1 1 1 1 0 1 0 1 1 1 0 1 0 1 1 1 1 0 0 1 1 1
496 27 4909  0 1 0 1 0 0 1 1 0 1 0 0 0 1 1 1 0 0 0 1 1 0 1 0 1 1 1
497 27 1293  0 0 0 1 0 0 0 0 0 0 0 1 0 0 0 0 0 0 1 0 0 0 0 0 0 0 0
498 27 6089  1 1 1 1 1 0 1 1 1 1 1 1 1 0 0 1 1 1 1 1 1 1 1 1 1 1 0
499 27 4091  0 0 0 0 0 1 0 0 0 1 1 0 1 1 0 1 1 0 0 1 1 0 1 0 1 0 1
