0 40 1920  0 0 0 0 1 1 0 0 0 0 0 0 1 1 0 0 0 1 0 0 0 0 0 0 0 0 0 0 0 0 0 0 0 0 0 0 0 0 1 0
1 40 6410  1 1 1 1 0 1 0 0 0 0 0 1 1 1 0 0 1 0 0 1 0 0 0 0 0 1 1 1 0 1 1 0 1 0 1 0 0 1 0 0
2 40 9162  1 1 1 1 1 1 1 1 1 0 1 1 1 1 1 1 1 1 1 1 1 1 1 1 1 0 1 1 0 1 1 1 1 1 1 1 0 1 1 1
3 40 9921  1 1 1 1 1 1 1 1 1 1 1 1 1 0 1 1 1 1 1 1 1 1 1 1 1 1 1 1 1 1 1 1 1 1 1 1 1 1 1 1
4 40 4099  1 1 0 1 0 1 0 0 1 0 1 0 1 0 0 0 0 0 0 0 0 1 0 1 0 0 1 0 1 0 0 0 0 1 0 0 0 0 0 0
5 40 8780  1 1 1 1 1 1 1 1 1 1 1 1 1 1 1 1 1 1 1 1 1 1 1 1 1 1 1 1 1 1 1 1 1 1 1 1 1 1 1 0
6 40 6235  0 1 1 1 0 0 1 0 0 0 0 1 1 0 0 0 1 1 1 0 1 1 0 1 0 1 0 0 1 1 0 0 1 0 0 0 0 1 1 0
7 40 3115  0 0 0 0 1 1 0 1 0 0 0 1 0 0 1 0 0 0 0 0 0 0 0 1 1 0 1 0 0 0 0 0 0 0 0 0 0 0 0 0
8 40 6986  0 1 0 1 0 1 1 1 1 1 1 1 1 1 1 0 0 1 1 1 0 1 1 1 1 1 0 1 0 1 0 1 0 0 0 1 1 1 1 1
9 40 7831  1 1 1 1 1 1 1 1 1 1 1 0 0 1 1 0 1 1 1 0 0 1 1 1 1 0 1 1 1 1 1 1 1 1 1 1 1 0 1 1
10 40 10584  1 1 1 1 1 1 1 1 1 1 1 1 1 1 1 1 1 1 1 1 1 1 1 1 1 1 1 1 1 1 1 1 1 1 1 1 1 1 1 1
11 40 3662  0 0 0 0 0 0 0 0 0 1 1 0 0 0 1 0 0 1 0 1 0 1 0 0 1 0 1 0 1 0 0 1 0 0 0 0 1 0 0 0
12 40 6694  1 0 1 0 1 1 0 1 1 0 1 1 0 0 1 1 1 0 1 0 1 0 0 1 1 0 0 1 1 1 1 0 1 0 0 1 1 0 1 0
13 40 10244  1 1 1 0 1 1 1 1 1 1 0 1 1 0 1 1 1 1 1 1 1 1 1 1 1 1 1 1 1 1 1 1 1 1 1 1 1 1 1 0
14 40 9186  1 0 0 0 1 1 1 1 1 1 1 1 1 1 1 1 0 1 0 1 1 1 1 0 1 1 1 1 1 0 0 1 0 1 0 0 1 0 0 1
15 40 7577  0 1 1 0 1 1 1 0 0 0 1 1 1 0 1 1 1 1 1 0 1 1 0 0 1 0 0 0 1 0 0 1 1 1 0 1 0 0 1 0
16 40 4947  0 1 0 0 1 1 0 0 0 0 0 0 0 0 0 0 0 1 0 1 1 0 1 1 0 0 1 0 0 0 0 0 1 0 1 1 1 1 1 0
17 40 5977  0 1 1 0 0 1 1 0 0 1 1 1 1 1 1 0 0 1 1 0 0 1 0 1 1 1 0 0 1 0 0 0 0 0 0 0 0 0 0 1
18 40 7113  1 0 0 0 0 1 0 0 1 0 1 1 0 1 0 1 0 0 0 1 0 0 1 1 1 1 1 1 1 1 0 0 1 1 1 1 1 0 1 0
19 40 9731  1 1 1 1 1 1 1 1 1 1 1 1 1 1 1 1 1 1 1 1 1 1 1 1 1 1 1 1 1 1 1 1 1 1 1 1 1 1 1 1
20 40 7048  1 1 1 1 1 1 1 0 1 0 1 0 0 1 0 0 1 0 1 0 0 1 0 0 0 1 1 0 1 1 0 1 0 0 1 0 0 0 0 1
21 40 7615  1 0 1 1 1 0 1 1 1 1 0 0 0 0 0 1 0 1 1 1 1 1 0 0 1 1 1 1 1 1 0 0 1 1 0 0 0 1 1 0
22 40 8278  0 0 1 0 1 1 0 1 1 0 0 1 1 0 1 1 1 1 1 1 1 1 1 1 0 0 1 1 1 1 0 1 1 1 0 1 0 1 1 1
23 40 5981  0 0 1 1 0 1 1 0 1 1 1 0 1 1 1 0 1 0 0 0 0 0 1 1 1 0 1 1 0 1 0 0 0 1 1 0 0 1 0 0
24 40 9071  0 1 0 0 0 1 1 1 0 0 1 1 0 1 0 1 1 1 1 1 1 1 1 1 0 1 1 0 1 1 1 1 1 1 1 1 1 1 1 1
25 40 6245  1 0 1 1 1 1 1 0 1 0 0 0 1 1 1 1 0 0 0 0 1 1 1 0 1 0 1 0 1 0 1 1 1 0 1 0 0 1 0 0
26 40 10191  1 1 1 1 1 1 1 1 0 1 1 1 1 1 1 1 1 1 1 1 1 0 1 1 1 1 0 1 1 1 0 1 1 1 1 0 1 1 1 1
27 40 4226  1 0 0 1 0 1 0 0 0 1 0 0 0 0 0 0 1 1 0 0 1 1 0 0 1 1 1 1 0 0 0 0 0 0 0 0 1 0 0 0
28 40 9020  0 1 1 1 1 1 1 0 1 1 1 1 1 1 1 1 1 1 1 1 1 1 1 1 1 0 1 1 1 1 1 1 1 1 1 1 1 1 0 1
29 40 9157  1 0 1 1 1 1 1 1 1 1 0 1 1 1 1 0 0 1 1 1 1 1 1 1 0 0 1 0 0 0 1 1 1 0 1 1 0 1 1 1
30 40 9429  1 1 1 1 1 1 1 1 1 1 1 1 1 1 0 1 1 0 1 1 1 0 1 0 1 1 1 1 1 1 1 1 1 1 1 1 0 1 1 1
31 40 9787  1 0 1 1 1 1 1 0 1 0 1 1 1 0 1 1 1 1 1 1 1 0 1 1 1 1 1 1 1 1 1 1 1 1 0 1 1 1 1 1
32 40 10605  1 1 1 0 1 1 1 1 1 1 1 1 1 1 1 1 1 0 1 1 1 1 0 1 1 1 1 1 0 1 1 1 1 1 1 1 1 1 1 1
33 40 2479  1 0 1 0 1 0 0 0 0 0 1 0 1 0 0 0 0 0 1 0 0 1 0 0 0 0 0 0 0 0 0 0 0 0 0 0 1 0 0 0
34 40 6000  1 0 1 0 1 1 0 1 0 1 1 0 1 0 0 0 1 0 0 1 0 0 0 1 1 0 1 0 0 1 0 0 0 1 0 1 0 1 0 0
35 40 9453  1 0 1 1 1 0 1 1 0 0 0 1 0 0 1 1 1 1 1 1 1 0 0 1 1 1 1 1 1 0 0 0 0 1 1 1 1 1 1 1
36 40 8419  1 0 1 1 1 0 1 1 0 1 1 1 0 1 1 0 0 0 1 0 0 1 1 0 0 0 1 1 1 1 1 1 1 1 0 1 0 1 1 1
37 40 4361  0 0 0 1 1 0 1 1 0 0 0 0 0 1 1 0 0 0 0 0 1 1 0 1 0 0 0 0 1 0 0 0 0 0 0 1 1 0 0 1
38 40 8415  1 0 1 0 1 0 1 0 0 1 0 1 1 1 1 1 0 1 1 0 0 1 0 1 1 1 0 0 1 1 1 1 1 0 0 1 1 1 1 0
39 40 9684  1 1 1 1 0 1 1 1 1 1 1 1 0 1 1 1 1 1 1 1 1 1 1 0 1 1 1 1 1 1 0 1 1 0 0 0 0 0 1 1
40 40 10479  1 1 1 1 1 1 1 1 1 1 1 1 1 1 1 1 1 1 1 1 1 1 1 1 1 1 1 1 1 1 1 1 1 1 1 1 1 1 1 1
41 40 3043  0 0 0 1 0 0 0 0 0 0 0 0 0 0 0 0 1 0 0 0 0 0 0 0 0 1 1 0 1 0 0 1 0 1 1 0 0 0 0 0
42 40 9264  1 1 1 1 1 1 1 1 1 1 1 1 0 1 0 1 1 1 0 0 1 1 1 1 1 0 1 1 1 1 1 1 1 1 1 1 1 0 0 1
43 40 9524  1 1 1 1 1 1 1 1 1 0 1 1 1 1 1 0 1 0 1 1 0 1 1 1 0 1 1 1 1 1 1 1 1 1 1 0 0 1 1 1
44 40 7627  0 0 1 1 1 1 1 1 1 0 0 1 0 0 0 1 1 0 0 1 0 1 1 0 1 0 1 0 0 0 1 0 1 1 1 1 0 0 1 1
45 40 5523  0 0 1 0 1 0 1 0 1 1 1 0 0 0 0 1 0 0 0 0 1 1 0 1 1 0 1 0 1 1 0 1 0 0 0 0 0 0 0 1
46 40 10146  1 1 1 1 1 1 1 1 1 1 1 1 1 1 1 1 1 1 1 1 1 1 1 1 1 1 1 1 1 1 1 1 1 1 1 1 1 1 1 1
47 40 8823  1 1 0 1 0 1 1 1 0 1 1 1 1 1 0 1 1 1 1 1 1 0 1 1 1 0 0 0 1 1 1 1 0 1 1 1 1 0 1 1
48 40 9046  1 1 1 1 1 0 1 1 1 1 0 1 1 1 1 1 1 1 1 1 1 1 1 1 1 0 1 0 1 1 0 1 1 0 0 1 1 1 1 0
49 40 7669  0 1 1 1 0 0 1 1 1 0 0 1 1 1 1 0 1 1 0 1 1 1 0 1 1 1 1 0 1 0 1 1 1 0 1 1 0 1 0 0
50 40 9163  1 1 1 1 1 1 1 1 1 1 1 1 1 1 1 1 1 1 1 1 1 1 1 1 1 1 1 1 1 1 1 1 1 1 1 1 1 1 1 1
51 40 9544  0 1 1 0 1 1 1 0 0 1 1 1 0 1 1 1 1 0 0 1 1 1 0 1 1 0 0 1 1 1 1 0 1 1 0 1 1 1 1 1
52 40 7901  0 0 1 1 0 0 0 1 1 0 0 1 1 1 1 1 0 1 0 0 1 1 0 1 1 0 1 1 1 0 0 1 0 1 1 0 0 1 1 1
53 40 8792  1 1 1 1 1 1 1 1 1 1 1 1 1 1 1 1 0 1 1 1 0 1 0 1 1 1 1 1 1 0 1 0 1 1 1 1 0 1 1 1
54 40 8576  1 1 1 1 1 0 1 1 0 1 1 1 1 1 1 1 0 1 1 1 1 1 1 1 1 1 1 1 1 1 1 1 1 1 1 1 0 1 1 1
55 40 3822  1 0 0 0 0 1 0 0 0 0 0 0 1 0 0 0 0 0 1 0 0 0 0 1 1 0 0 1 0 1 1 0 0 1 0 0 0 1 0 0
56 40 10936  0 0 1 1 1 1 1 1 1 1 1 0 1 1 1 1 1 1 1 1 1 1 1 1 1 1 1 1 1 1 1 1 1 1 1 1 1 0 1 1
57 40 3911  0 1 0 0 0 0 0 0 1 0 0 0 0 0 1 1 0 0 0 0 1 0 0 1 0 0 1 1 0 1 0 1 0 0 0 0 0 1 0 0
58 40 6926  1 1 0 0 0 1 0 1 0 1 0 1 1 1 1 1 0 1 0 1 0 0 1 0 1 1 1 0 1 1 1 0 0 0 0 1 0 0 0 1
59 40 8243  1 1 1 1 0 1 0 1 1 0 1 1 0 1 1 1 1 1 1 1 1 1 1 0 1 1 1 0 1 1 0 1 1 1 1 1 1 1 0 1
60 40 9881  1 1 1 1 1 1 1 1 1 1 1 1 1 1 1 1 1 1 1 1 1 1 1 1 1 1 1 1 1 1 1 1 1 1 1 1 1 1 1 1
61 40 8545  1 1 1 1 0 1 1 1 0 0 0 1 0 1 1 1 0 1 1 1 1 0 1 1 1 0 1 1 0 0 0 1 1 1 0 1 1 0 1 1
62 40 5350  0 0 0 0 0 1 1 0 0 0 0 0 1 0 1 0 1 1 0 1 0 1 1 0 0 0 1 1 0 1 0 1 0 1 0 0 0 0 1 1
63 40 9957  0 1 1 1 1 1 1 1 1 1 1 0 1 1 1 1 0 0 0 1 0 1 0 1 1 1 1 1 1 1 1 1 1 0 1 1 1 1 1 1
64 40 10613  0 1 1 1 1 1 1 1 1 1 1 1 1 1 1 1 1 1 1 1 1 1 1 1 1 1 1 1 1 1 1 1 1 1 1 1 1 1 1 1
65 40 9592  1 0 1 0 1 1 0 0 0 1 0 1 0 1 1 1 1 1 1 1 1 1 1 1 1 1 1 1 1 1 1 1 1 1 1 1 1 1 0 1
66 40 9312  1 1 1 0 1 1 1 1 0 1 0 0 1 1 0 0 1 1 1 0 1 1 1 1 0 1 1 1 1 1 1 1 0 1 1 1 1 0 1 1
67 40 5499  0 1 0 0 0 1 0 0 1 0 1 1 0 1 0 0 0 1 0 0 0 1 0 0 1 0 1 0 1 1 1 1 0 0 1 0 0 1 0 1
68 40 4001  1 0 0 0 0 0 0 0 0 0 0 1 0 0 0 1 0 0 0 1 0 0 1 1 1 0 1 1 0 0 0 0 0 1 0 0 1 0 1 0
69 40 9511  1 1 0 1 1 0 0 1 1 1 1 1 1 0 1 1 0 1 1 0 0 1 0 1 0 1 1 0 1 1 1 1 1 0 1 1 1 0 1 0
70 40 7708  1 1 1 1 1 1 1 1 0 0 0 1 0 0 1 1 1 1 1 0 0 1 1 0 1 1 1 1 1 1 0 1 0 1 0 0 0 1 1 1
71 40 9751  1 1 0 1 1 0 1 1 1 1 1 1 1 1 0 1 1 1 1 0 1 1 1 1 1 1 1 1 1 1 1 1 1 1 1 1 1 1 0 1
72 40 9911  1 1 1 1 1 1 1 1 1 1 1 1 1 1 1 1 1 1 1 1 1 1 1 1 1 1 1 1 1 1 1 1 1 1 0 1 1 1 1 1
73 40 9641  1 1 1 0 1 1 1 1 1 1 0 1 1 1 1 1 1 1 1 1 1 1 1 1 1 1 1 0 1 1 1 1 1 1 0 1 1 1 1 1
74 40 2507  0 0 0 0 0 0 0 0 0 0 0 0 0 0 0 1 0 1 0 1 1 0 0 0 0 0 0 0 1 1 0 0 1 0 0 0 0 0 1 0
75 40 7200  1 1 0 0 1 1 0 1 1 0 1 1 1 0 1 0 1 0 1 1 1 0 1 1 1 1 1 1 1 0 1 0 1 0 0 0 1 0 0 0
76 40 4148  1 1 1 0 0 0 0 0 1 0 1 1 0 0 0 0 1 0 0 0 0 0 0 1 0 0 0 0 0 1 0 0 1 1 0 0 1 0 0 1
77 40 6468  1 0 0 1 0 1 0 1 1 0 0 0 1 0 1 0 0 1 0 1 0 0 0 1 0 0 1 1 0 0 1 0 1 0 0 0 1 1 1 1
78 40 9578  0 1 1 1 1 1 1 1 0 1 1 1 1 1 1 1 1 1 1 1 1 1 1 1 1 0 1 1 1 1 0 1 1 1 0 1 1 1 1 1
79 40 5768  0 1 1 1 1 1 0 0 0 0 1 0 0 0 0 0 1 0 0 1 0 1 1 0 1 0 0 1 1 1 0 0 1 0 0 1 1 0 0 0
80 40 9002  1 1 1 1 0 1 1 0 1 0 1 0 1 1 1 1 1 1 1 0 0 1 0 1 1 1 1 1 1 1 1 1 1 1 1 1 0 0 1 1
81 40 6612  0 0 1 1 1 1 1 0 1 1 0 0 0 0 1 1 1 1 1 1 1 1 0 1 1 0 0 0 1 0 1 1 1 0 1 1 0 0 1 0
82 40 4635  0 0 1 0 0 1 0 0 1 1 0 0 0 0 1 0 1 0 0 0 1 1 0 0 0 0 0 0 0 0 1 1 1 0 0 0 0 1 1 1
83 40 7667  1 0 0 0 1 1 1 1 0 1 1 0 1 1 0 1 1 0 0 1 1 1 1 1 1 1 0 1 0 1 1 1 1 1 1 1 0 0 0 0
84 40 7912  1 1 0 1 0 1 0 1 0 1 1 0 0 1 1 0 1 1 0 0 1 1 0 1 0 1 0 1 1 0 1 1 0 0 0 0 0 1 1 1
85 40 7882  1 0 0 1 0 1 1 1 1 0 1 0 1 0 1 1 0 0 0 1 1 0 1 1 0 1 1 1 1 1 1 1 1 1 1 1 0 0 1 1
86 40 7825  1 0 1 1 1 1 1 1 0 1 0 1 0 1 0 0 0 1 1 1 1 1 1 0 1 0 0 1 1 1 1 1 1 0 0 0 1 0 1 0
87 40 6838  1 0 1 1 1 0 0 0 1 1 0 0 1 1 1 1 0 0 1 1 1 0 0 0 0 0 1 0 1 0 0 1 0 1 0 1 1 0 0 1
88 40 10541  1 1 1 1 0 1 0 1 1 1 1 1 1 1 1 1 1 1 1 1 1 1 1 1 0 1 1 1 1 1 0 1 1 1 0 1 1 0 1 1
89 40 2508  0 0 0 0 1 0 0 0 1 0 0 0 0 0 0 1 0 1 0 0 0 1 0 1 0 0 1 0 0 0 0 0 0 0 0 0 1 0 0 0
90 40 10308  1 1 1 1 1 1 1 1 1 1 0 1 1 1 1 1 1 1 1 1 0 1 1 0 1 1 1 1 1 1 1 0 1 1 1 1 1 1 1 1
91 40 5136  0 0 0 0 1 0 1 1 1 1 0 0 0 0 0 1 0 0 1 1 0 0 1 1 1 1 0 0 0 0 1 0 0 0 0 1 1 1 0 0
92 40 10054  1 1 1 1 1 1 1 1 1 1 1 1 1 1 1 1 1 1 1 1 1 1 1 1 1 1 1 1 1 1 1 1 1 1 1 1 1 1 1 1
93 40 10740  1 1 1 1 1 1 1 1 1 1 1 1 1 1 1 1 1 1 1 1 1 0 1 1 1 1 1 1 1 1 0 1 1 1 1 1 1 0 1 1
94 40 5542  0 0 1 0 1 0 0 0 0 0 1 0 1 1 1 0 1 0 0 0 0 1 1 1 1 1 1 0 0 0 0 0 0 0 1 0 0 1 1 0
95 40 2371  0 0 1 0 0 0 0 0 1 1 0 0 0 0 0 1 0 0 1 0 0 0 0 0 0 0 0 0 0 0 0 0 1 0 1 0 0 0 0 1
96 40 6669  1 0 1 0 0 0 0 0 1 1 1 1 0 0 1 0 1 1 0 0 1 1 1 0 1 0 0 1 0 1 0 1 1 1 0 1 0 0 1 1
97 40 8404  1 1 1 0 1 1 1 1 1 1 1 1 1 1 1 1 1 1 1 1 1 0 1 1 1 1 1 1 1 1 1 1 1 1 1 1 1 1 1 1
98 40 5956  1 1 0 0 1 1 0 0 1 1 0 1 0 0 1 1 0 1 1 0 1 1 0 0 0 0 0 1 1 0 0 0 0 0 1 0 1 1 0 1
99 40 9896  1 1 1 1 1 1 1 1 1 1 1 1 1 1 1 1 1 1 1 1 1 1 1 1 1 1 1 1 1 1 1 1 1 1 1 1 1 1 1 1
100 40 9227  1 1 1 1 0 1 1 0 1 1 1 1 0 1 1 1 1 1 0 1 1 1 1 1 1 1 1 1 1 1 1 1 1 1 1 1 1 1 1 1
101 40 10555  1 1 1 1 1 1 1 1 1 1 1 1 1 1 1 1 1 1 1 1 1 1 1 1 1 1 1 1 1 1 1 1 1 1 1 1 1 1 1 1
102 40 5467  0 1 1 0 1 0 0 0 0 1 1 0 0 0 1 1 0 0 1 1 0 0 1 0 0 1 0 1 1 1 0 0 1 0 1 1 0 0 0 0
103 40 10193  1 1 1 1 1 1 1 1 1 1 1 1 1 1 1 1 1 1 1 1 1 1 1 1 1 0 1 1 1 1 1 1 1 1 1 1 0 1 1 1
104 40 7973  0 1 1 0 1 1 1 0 0 1 0 1 1 0 0 0 0 0 0 1 0 1 1 1 1 1 1 1 0 1 1 1 1 1 1 1 1 0 1 1
105 40 1742  1 0 0 0 0 0 0 0 0 0 0 0 0 0 0 0 0 1 0 1 0 0 0 0 0 0 0 0 0 0 0 0 0 1 0 0 0 1 0 0
106 40 9266  1 1 0 1 1 1 1 1 1 1 1 1 1 1 1 1 1 1 1 1 1 1 1 0 1 1 1 1 1 1 1 1 0 1 1 0 1 1 1 1
107 40 7777  1 1 1 1 0 0 1 0 1 1 1 1 0 1 1 1 1 1 0 1 1 1 1 1 1 1 1 1 1 1 1 1 1 1 1 1 1 0 0 0
108 40 10574  1 1 1 1 1 1 1 1 1 1 1 0 1 1 1 1 1 0 1 1 1 0 1 1 1 1 1 1 1 1 1 1 1 1 1 1 1 1 1 1
109 40 4035  1 1 0 0 0 1 0 0 0 0 1 0 0 1 0 1 0 0 0 0 0 1 1 1 0 0 0 0 0 0 0 0 0 1 0 0 1 0 0 1
110 40 7133  0 1 0 0 0 1 0 1 1 0 0 0 1 1 0 1 0 0 1 0 0 0 1 0 0 0 0 0 1 1 1 1 0 1 0 1 1 0 1 0
111 40 9943  1 1 0 1 1 1 1 1 1 1 1 1 1 0 1 1 1 0 1 1 1 1 1 0 1 1 1 1 1 1 1 1 1 1 1 0 1 0 1 1
112 40 8194  1 1 1 1 1 1 1 1 1 1 1 1 1 1 1 1 1 1 1 1 1 1 1 0 1 1 1 1 0 1 1 1 0 1 1 1 1 1 1 1
113 40 6373  0 0 0 0 0 0 0 1 1 1 0 0 0 0 0 1 1 1 1 1 1 1 1 0 1 1 0 0 0 1 0 0 1 1 0 1 0 1 0 0
114 40 2280  0 0 0 0 0 0 0 0 0 0 0 1 1 0 0 0 0 0 0 0 0 0 1 0 1 0 0 0 0 0 0 0 0 1 0 0 1 0 0 0
115 40 11692  1 1 1 1 1 1 1 1 1 1 1 1 1 1 1 1 1 1 1 1 1 1 0 1 1 1 1 1 1 1 1 1 1 1 1 1 1 0 1 1
116 40 9941  1 1 1 1 1 1 0 0 1 1 1 1 1 1 0 1 0 1 1 1 1 1 1 1 1 1 0 1 1 1 1 1 1 0 1 1 1 1 1 1
117 40 9816  1 1 1 1 1 1 1 1 1 1 1 0 1 1 1 1 1 1 1 1 1 1 0 0 1 1 0 1 1 1 1 1 1 1 1 1 1 1 1 1
118 40 1584  0 0 1 0 0 1 0 0 0 0 0 0 0 1 0 0 1 0 0 0 0 0 0 0 1 0 0 0 0 0 0 1 0 0 1 0 0 0 0 0
119 40 9599  1 1 1 0 1 1 1 0 1 0 1 1 1 1 1 1 1 1 1 0 1 0 1 1 1 1 0 1 1 0 0 0 1 1 0 1 0 0 1 1
120 40 5372  1 1 0 0 0 1 0 0 0 1 1 0 0 0 1 0 0 1 1 0 0 1 1 1 1 0 1 0 1 0 1 0 0 1 0 0 1 0 0 1
121 40 9099  1 1 0 1 1 1 1 1 1 1 1 1 1 1 1 1 1 1 1 1 1 1 1 0 0 0 1 1 1 1 1 1 0 1 1 1 1 1 0 0
122 40 6941  1 1 1 1 0 1 0 0 1 0 1 0 1 1 0 1 1 1 1 1 1 0 1 1 1 1 1 1 0 1 0 1 1 1 0 0 0 1 0 0
123 40 4063  0 0 0 0 0 0 0 0 1 0 1 0 0 1 0 0 0 1 0 0 1 0 0 0 1 0 0 0 1 1 0 0 0 1 0 0 1 1 0 0
124 40 6616  0 0 0 1 1 1 1 1 1 0 0 1 0 1 0 1 1 0 0 0 1 0 0 1 1 1 0 1 0 1 0 1 1 0 0 1 1 0 0 0
125 40 7242  1 1 1 0 0 1 0 0 1 1 1 0 1 0 1 1 1 0 1 0 0 1 1 0 1 1 1 0 0 1 0 0 0 1 1 1 1 1 1 0
126 40 9750  0 1 0 1 0 1 1 1 0 1 1 1 1 0 1 1 1 1 0 1 1 1 1 1 1 1 1 1 1 1 1 0 1 1 0 1 0 1 1 0
127 40 8772  0 0 1 1 0 1 0 0 1 1 1 1 0 1 1 1 1 1 1 0 1 0 1 1 1 0 0 1 1 1 1 1 0 1 1 0 0 1 0 1
128 40 2845  0 1 0 0 0 1 1 0 0 0 1 0 0 0 0 0 0 0 0 0 0 1 0 0 0 0 1 0 0 0 0 0 0 0 1 0 0 1 0 1
129 40 8688  0 1 1 1 1 1 1 0 1 1 0 1 1 1 0 0 0 1 1 1 0 1 1 1 0 0 1 1 1 1 1 0 1 1 1 1 1 1 1 1
130 40 7063  0 1 1 1 1 0 1 1 1 1 1 1 1 1 1 0 0 1 0 0 1 1 1 0 1 0 1 0 0 1 1 0 0 0 0 1 0 0 0 0
131 40 9493  1 1 1 1 1 1 1 1 1 1 1 1 1 1 1 1 1 1 1 1 1 1 1 1 1 1 1 1 1 1 1 1 1 1 1 1 1 1 1 1
132 40 8300  0 0 1 1 0 0 0 1 1 1 0 1 1 1 1 0 0 1 1 1 1 1 1 1 1 1 0 1 1 1 0 1 1 1 1 1 1 1 1 1
133 40 10366  1 0 1 1 1 1 0 1 1 1 1 1 0 1 1 1 1 1 1 1 1 0 1 1 0 1 1 1 1 0 1 1 1 1 1 1 0 1 1 1
134 40 3879  0 0 1 1 1 0 0 1 1 1 1 0 0 0 0 0 0 1 0 0 0 0 0 0 0 0 0 0 1 0 0 0 0 0 1 0 0 0 1 0
135 40 9381  1 1 1 1 1 1 1 1 1 0 1 1 1 1 1 1 1 1 0 1 1 1 1 1 1 1 1 1 1 1 0 1 1 1 1 1 1 1 1 1
136 40 10297  1 1 1 1 1 0 1 1 1 1 1 1 0 1 1 1 0 1 1 1 1 1 1 0 0 1 0 1 0 1 1 1 1 1 0 1 1 1 1 0
137 40 8374  1 1 0 1 1 1 1 1 1 1 1 1 1 0 0 1 1 1 1 1 0 0 1 1 1 0 0 1 0 1 0 1 0 1 1 1 0 0 0 0
138 40 9452  1 1 0 0 1 0 0 1 1 1 1 1 0 1 1 1 1 1 0 0 0 1 1 1 1 1 0 1 1 1 1 1 1 1 1 1 1 0 1 1
139 40 6061  0 1 0 0 0 0 1 1 1 0 0 0 1 1 1 0 1 1 1 0 0 1 0 0 1 1 0 1 0 1 0 1 1 0 1 1 1 0 0 1
140 40 8313  1 1 0 1 1 1 0 1 0 1 0 1 1 1 1 0 1 1 0 0 0 1 1 0 1 1 1 1 0 1 1 1 1 1 1 0 1 0 1 1
141 40 6646  0 0 0 1 0 1 0 0 1 0 1 0 1 0 1 1 1 0 0 1 1 1 1 1 0 1 1 0 0 0 1 1 0 0 0 1 1 1 1 1
142 40 8144  1 0 0 1 1 0 1 0 0 1 1 0 1 0 1 1 1 1 0 1 1 1 1 1 1 1 0 1 1 0 0 1 0 1 1 0 1 0 0 0
143 40 10127  1 1 1 1 1 1 1 1 1 1 1 1 1 1 1 1 0 1 1 1 1 0 1 1 1 1 0 1 1 1 1 0 0 1 1 1 1 0 1 1
144 40 7773  0 1 1 1 1 1 1 0 1 1 0 0 0 1 1 1 1 1 0 1 0 1 0 1 1 1 1 0 1 0 1 1 1 0 0 0 1 0 0 0
145 40 8978  0 0 1 1 1 1 1 1 1 1 0 1 0 0 1 1 0 0 1 1 1 1 1 1 1 1 1 0 1 1 1 0 1 0 1 1 0 1 0 1
146 40 7858  0 0 1 1 0 1 1 1 0 0 1 0 0 1 0 0 1 1 1 1 1 0 0 1 1 1 1 1 0 0 1 1 0 1 1 0 1 0 1 0
147 40 9924  1 1 1 1 1 1 1 1 1 1 1 1 1 1 1 1 1 1 1 1 1 1 1 1 1 1 1 1 1 1 1 1 1 1 1 1 1 1 1 1
148 40 11364  1 1 1 1 1 1 1 1 1 1 1 1 1 1 1 1 1 1 1 1 1 1 1 1 0 1 1 1 1 1 1 1 1 1 1 1 1 1 1 0
149 40 8743  0 1 1 1 0 0 1 1 1 1 1 0 1 0 1 1 1 0 0 0 1 1 0 1 0 1 0 1 0 0 1 1 0 1 0 1 1 1 1 1
150 40 9631  1 1 1 1 1 1 1 0 1 1 1 1 1 1 1 1 1 0 1 1 1 1 1 1 1 1 1 1 1 1 1 0 1 0 1 1 1 1 0 1
151 40 9663  1 1 1 1 1 1 1 1 1 1 1 1 1 1 1 1 1 1 1 1 1 1 1 1 1 1 1 1 1 1 1 1 1 1 1 1 1 1 1 1
152 40 4850  0 1 0 0 0 0 0 0 1 0 1 0 0 0 1 1 0 1 0 0 0 1 0 1 0 1 0 0 1 1 0 0 0 0 1 1 1 0 1 0
153 40 9703  1 1 1 1 1 1 1 1 1 1 1 1 1 1 1 1 1 1 1 1 1 1 0 1 1 1 0 1 1 1 1 1 1 1 1 1 1 1 1 1
154 40 10062  1 0 1 1 1 1 1 1 1 1 1 1 1 1 1 1 1 1 1 1 1 1 1 1 1 1 1 0 1 1 1 1 1 1 1 1 1 1 1 1
155 40 7728  1 1 1 1 1 1 1 1 1 1 1 1 1 0 1 1 0 1 1 1 1 0 0 1 1 1 1 1 0 1 1 1 1 1 1 1 1 1 1 1
156 40 8604  1 1 0 1 0 1 1 1 0 1 1 1 0 1 0 1 1 1 1 1 1 1 1 0 1 1 1 1 0 0 1 1 1 0 0 0 0 0 1 1
157 40 8971  0 1 0 1 1 1 1 0 1 1 1 1 1 0 1 1 0 0 1 1 1 1 1 1 1 1 1 1 1 1 0 1 1 1 1 1 1 1 1 1
158 40 8237  0 1 1 1 0 1 1 1 0 0 1 1 1 1 1 1 1 1 1 1 1 1 1 1 1 1 0 1 1 1 1 1 1 1 1 1 1 1 1 0
159 40 9016  1 1 1 0 1 1 1 1 1 1 1 1 1 1 1 1 1 1 1 1 1 0 1 1 1 1 1 1 1 1 1 1 1 1 1 1 1 1 1 1
160 40 7415  0 1 0 0 0 1 1 1 1 0 1 1 1 1 1 1 0 0 1 0 0 1 0 0 0 1 1 1 1 0 0 0 0 1 1 1 1 0 1 1
161 40 2293  0 0 1 0 0 0 0 1 0 0 1 0 0 0 0 0 0 1 1 0 0 0 0 1 0 0 0 0 0 0 0 0 0 0 1 0 0 0 0 1
162 40 5858  0 1 0 1 0 0 1 0 1 0 0 0 0 1 1 0 1 0 1 1 0 1 0 0 0 0 0 1 1 1 1 0 1 0 0 0 1 0 0 1
163 40 10478  1 1 1 1 1 1 1 1 1 1 1 1 1 1 1 1 1 1 1 1 1 1 1 1 1 1 1 1 1 1 1 0 1 1 0 1 1 1 1 1
164 40 9237  1 1 1 1 1 1 1 1 1 1 1 1 0 1 1 1 1 1 1 1 1 1 1 0 1 1 1 1 1 1 1 1 1 1 1 1 1 1 1 1
165 40 7426  0 1 0 1 1 1 1 1 0 1 0 0 0 1 1 0 1 1 1 1 1 1 1 0 0 0 1 0 1 0 1 1 0 1 1 0 0 1 0 1
166 40 7019  1 1 0 0 1 1 0 1 1 0 1 0 1 1 1 0 0 1 1 0 0 1 1 0 1 0 0 1 1 0 0 1 1 1 1 1 0 0 1 0
167 40 4396  0 0 0 0 1 0 0 0 0 0 0 0 1 0 0 0 1 1 0 0 0 1 1 0 0 0 1 1 1 1 0 1 1 0 0 1 0 1 1 0
168 40 8851  1 1 1 1 1 1 1 1 1 1 1 1 1 1 1 1 1 1 1 1 1 1 1 1 1 1 1 1 1 1 1 1 1 1 1 1 1 1 1 1
169 40 3863  1 1 1 0 0 1 1 1 0 0 0 0 1 0 0 0 0 0 0 1 0 0 0 0 0 0 0 0 1 0 0 0 0 0 1 0 0 0 0 0
170 40 7171  1 0 1 0 1 1 0 0 1 1 1 1 1 1 1 0 0 0 0 1 0 0 0 0 1 1 0 0 1 1 0 0 1 1 0 0 1 1 1 1
171 40 10325  1 1 0 1 1 0 1 1 1 0 1 1 1 1 1 1 1 1 1 1 1 1 1 1 1 1 1 1 1 0 1 1 1 1 0 1 1 1 0 1
172 40 7934  0 1 0 0 1 0 1 0 1 1 1 1 0 1 1 1 1 1 1 0 0 0 0 1 1 1 1 0 0 1 0 1 0 1 0 0 1 0 1 1
173 40 2783  0 0 0 0 0 0 1 1 0 0 1 0 0 0 0 0 0 0 1 0 0 1 0 1 1 0 0 0 1 0 0 0 0 1 0 0 0 0 0 0
174 40 6324  0 0 1 0 1 1 1 1 0 0 1 1 0 0 0 0 0 0 0 1 0 1 1 1 0 0 0 1 0 0 0 1 0 0 0 1 1 0 1 0
175 40 5496  0 0 0 0 1 0 1 0 1 0 0 0 0 1 0 0 1 1 1 1 1 0 1 0 0 0 0 1 0 0 0 0 1 1 0 1 0 1 0 1
176 40 6642  0 0 1 1 1 1 0 0 0 0 0 0 0 0 0 1 1 0 0 1 1 0 0 1 1 1 0 1 1 1 1 0 1 0 1 0 0 1 1 0
177 40 8163  1 1 1 1 1 1 1 1 1 1 1 1 1 1 1 1 1 1 1 1 1 1 1 1 1 1 1 1 1 1 1 1 1 1 1 1 1 1 1 1
178 40 10960  1 1 1 1 1 1 0 1 0 1 1 1 1 1 1 1 1 1 1 1 1 0 0 1 0 1 1 1 1 0 1 1 0 1 1 1 1 1 1 1
179 40 9154  1 1 1 0 1 1 1 1 1 1 1 1 1 1 1 1 1 1 1 1 1 1 1 1 1 0 0 1 1 1 1 1 0 1 1 1 0 1 0 1
180 40 3694  0 0 0 0 0 0 0 0 0 1 0 0 1 1 1 1 0 0 1 0 0 0 1 0 0 0 0 1 1 0 0 0 0 0 1 1 0 0 0 0
181 40 1782  0 1 0 0 0 0 0 1 0 0 0 1 0 0 0 1 0 0 0 1 0 0 0 0 0 0 0 0 1 0 0 0 0 0 0 0 1 0 0 0
182 40 5906  1 0 1 0 0 0 1 0 1 1 1 0 0 0 1 0 0 1 0 0 1 1 1 0 0 0 1 0 0 0 1 1 1 1 0 1 0 1 1 1
183 40 10988  1 1 1 0 1 1 1 1 0 1 1 1 0 1 1 1 1 0 1 1 1 1 1 1 1 1 1 1 1 1 1 0 1 1 0 1 1 1 1 0
184 40 11098  1 1 1 1 1 1 1 1 1 1 1 1 1 1 1 1 1 1 1 1 1 1 1 1 1 1 1 0 1 1 1 1 1 1 1 1 1 1 1 1
185 40 6042  0 1 1 1 0 1 0 0 0 0 1 0 1 0 0 0 0 1 0 1 0 1 0 1 1 0 1 1 0 0 1 1 0 0 1 0 1 1 1 1
186 40 3108  0 1 0 1 0 0 0 0 1 1 0 1 0 0 1 0 0 0 1 0 0 0 0 0 0 1 0 1 0 0 1 0 0 0 1 0 0 0 0 0
187 40 8018  0 1 1 1 0 0 0 1 1 1 1 1 0 1 1 1 1 1 1 1 0 1 1 1 1 1 0 1 0 0 1 1 0 0 0 0 1 1 1 1
188 40 2468  0 1 0 0 0 0 1 0 0 0 0 1 0 0 0 0 0 0 1 0 0 0 0 0 0 0 1 0 0 1 1 0 1 0 0 0 0 0 0 0
189 40 7540  1 0 0 0 1 1 0 0 1 0 1 1 0 1 1 0 1 0 1 0 1 1 1 1 0 1 0 0 1 1 1 0 0 0 1 0 1 0 0 1
190 40 9516  1 0 0 1 1 0 1 1 1 1 1 1 1 1 1 1 0 0 0 1 1 1 1 1 1 0 1 1 1 0 1 1 1 1 1 1 1 0 1 0
191 40 4811  1 0 0 0 1 0 0 1 1 0 0 1 1 0 0 0 0 0 0 0 0 1 1 0 0 0 0 0 0 1 0 0 1 0 0 0 0 0 0 1
192 40 8008  1 1 0 0 1 1 1 0 0 1 0 0 0 0 1 0 1 1 1 1 1 0 1 1 1 1 0 0 1 0 1 1 1 1 1 1 1 1 1 0
193 40 8367  0 1 1 1 0 1 1 0 0 1 1 0 1 0 1 1 0 1 1 1 0 1 1 1 1 1 0 0 0 1 1 0 0 0 0 1 0 1 1 0
194 40 2622  0 0 1 0 1 1 0 0 0 0 0 0 0 0 0 1 0 0 1 0 0 0 1 0 0 1 0 0 0 0 0 0 0 0 1 0 1 0 0 1
195 40 8507  0 1 1 1 1 0 0 1 0 1 1 0 0 1 1 1 1 1 1 0 1 1 1 1 1 1 0 1 1 1 1 1 0 1 1 0 0 1 1 1
196 40 8650  1 1 0 1 1 1 1 1 0 1 1 1 0 1 1 1 1 1 1 0 1 1 1 1 1 0 1 0 0 0 1 1 1 1 1 1 1 1 1 0
197 40 6857  0 1 1 0 0 1 0 1 0 1 0 1 0 0 0 1 1 1 1 0 1 1 1 1 1 0 0 1 1 0 0 1 1 0 1 1 1 0 1 1
198 40 6232  0 1 0 1 0 0 1 1 0 1 0 0 0 0 1 0 0 0 0 1 1 0 1 0 0 0 0 1 1 1 1 0 1 1 1 0 0 0 0 1
199 40 9551  1 1 1 1 1 1 1 1 1 1 1 1 1 1 1 0 0 1 1 1 0 0 0 1 1 1 1 1 0 0 1 1 1 1 0 1 1 1 1 1
200 40 8967  1 1 0 1 1 1 0 1 0 0 1 1 1 1 1 1 1 1 1 1 1 1 1 1 1 1 1 0 1 1 0 1 1 1 1 0 0 1 1 1
201 40 4498  1 1 0 0 0 0 0 0 1 0 0 0 0 0 0 0 0 1 1 0 1 0 1 0 1 0 1 1 1 0 0 0 0 1 0 0 1 0 0 0
202 40 9150  0 1 1 1 0 0 0 0 1 0 1 1 1 1 1 1 1 1 1 1 0 0 1 1 1 1 1 0 1 0 1 1 1 0 0 1 1 0 1 0
203 40 11082  1 1 1 1 1 1 1 1 1 1 1 1 1 1 0 1 1 1 1 1 0 1 1 1 1 1 1 1 1 1 1 1 1 1 1 0 1 1 1 1
204 40 8727  0 1 0 1 1 1 0 1 1 0 1 1 1 1 0 0 1 0 0 1 0 1 0 1 1 1 0 1 1 1 1 1 1 0 1 0 1 0 1 0
205 40 7594  0 1 1 0 1 0 0 1 1 1 0 0 1 0 0 1 1 1 0 0 0 0 0 1 0 1 1 1 1 1 1 1 1 0 0 0 1 1 0 1
206 40 4695  0 1 0 0 1 1 0 0 0 0 0 1 0 0 1 1 0 0 0 0 0 0 1 1 1 0 0 1 0 0 1 0 1 0 0 0 0 1 1 1
207 40 7881  1 0 1 1 0 1 0 1 1 1 1 1 0 0 1 1 1 0 1 1 0 1 1 0 0 0 1 1 1 0 1 0 1 0 1 1 1 0 1 0
208 40 8278  0 0 1 1 1 1 0 1 1 1 0 0 1 0 1 0 0 1 0 1 1 0 0 1 1 1 1 1 1 1 0 0 1 1 1 1 1 0 1 1
209 40 7872  0 1 0 1 1 0 1 0 1 1 1 1 1 0 1 0 0 1 1 1 0 0 1 1 0 0 1 0 1 0 1 1 0 1 1 1 1 0 1 0
210 40 9725  1 1 1 1 1 1 1 1 0 1 1 0 1 0 1 1 1 1 1 1 1 1 1 0 0 1 0 0 1 1 1 1 1 1 1 1 1 1 1 1
211 40 9816  1 1 0 1 1 1 1 1 0 0 1 1 1 1 1 1 1 0 1 1 1 1 1 1 1 1 0 1 1 0 1 0 1 1 1 1 1 1 0 1
212 40 5721  0 0 1 1 0 0 0 1 1 0 0 1 1 0 1 0 0 0 0 0 0 1 0 1 1 1 1 1 1 0 0 1 0 1 0 0 1 0 0 1
213 40 6832  0 0 1 0 1 1 0 1 1 1 1 0 1 1 1 1 0 1 1 0 0 1 1 0 1 0 1 1 0 0 0 0 0 0 0 0 1 1 0 0
214 40 9494  1 1 1 1 1 0 0 0 0 0 1 1 0 1 1 0 1 1 1 1 1 0 1 1 1 1 1 0 1 0 1 0 1 1 1 1 1 1 1 1
215 40 3503  0 0 0 0 0 1 1 0 1 0 0 0 0 0 0 0 0 0 1 0 0 0 0 0 1 0 0 0 1 1 1 0 1 0 0 1 0 0 0 0
216 40 4081  0 0 0 1 0 0 0 0 0 0 1 1 0 0 1 1 1 0 0 0 1 1 0 1 0 0 0 1 0 0 1 0 0 1 0 0 0 0 1 1
217 40 5407  1 0 0 0 1 0 1 0 0 0 0 1 1 0 0 0 1 1 1 0 0 0 0 1 0 1 0 1 1 1 0 0 1 0 1 0 0 1 1 0
218 40 5653  1 1 0 0 1 1 0 0 0 0 1 0 1 1 0 0 0 1 0 0 0 0 1 0 1 0 0 0 0 1 0 1 0 0 1 1 0 1 1 1
219 40 3892  0 0 0 0 0 1 0 0 0 0 1 1 0 0 0 0 1 1 0 1 1 0 0 0 0 1 0 0 0 1 1 0 0 0 0 1 1 0 0 1
220 40 7677  1 1 1 1 1 1 1 0 1 0 1 1 1 1 0 1 1 0 1 1 1 1 1 1 1 1 1 0 0 1 1 1 1 0 1 0 1 1 1 1
221 40 6285  0 0 0 1 0 0 0 0 1 0 0 0 0 1 1 1 1 1 0 1 1 0 1 0 0 1 1 0 0 1 0 1 0 0 0 1 0 0 0 1
222 40 7561  1 1 0 1 0 1 0 1 1 1 0 1 0 1 0 0 1 1 0 1 1 1 0 0 0 0 1 1 0 1 0 1 1 0 1 1 0 1 1 1
223 40 5327  0 0 0 0 0 1 0 0 0 1 1 1 1 1 1 0 1 0 0 0 0 1 0 0 0 1 0 0 1 1 0 0 0 0 1 0 0 0 1 0
224 40 9124  1 1 1 1 1 1 1 1 1 1 1 1 1 1 1 1 1 1 0 1 1 1 1 1 1 1 1 1 1 1 1 1 1 1 1 0 1 1 1 1
225 40 10601  1 0 1 1 1 0 1 0 1 0 1 1 1 1 1 1 1 1 0 1 1 1 1 1 1 1 1 1 1 1 1 1 1 1 1 1 1 1 1 1
226 40 3475  0 0 1 1 0 1 0 0 0 0 0 1 0 0 1 0 0 0 0 0 0 0 0 0 0 1 0 1 0 0 0 0 1 1 0 0 0 0 0 0
227 40 6279  1 0 1 1 1 0 0 0 0 1 1 0 1 1 0 1 1 1 0 1 1 1 1 1 1 1 1 1 0 0 1 0 0 1 0 1 1 1 1 0
228 40 9969  1 0 1 1 1 1 1 1 1 1 1 0 1 1 1 1 1 1 1 1 1 1 1 1 1 1 1 1 0 1 1 1 1 1 1 1 0 1 0 1
229 40 10378  1 1 1 1 1 1 1 1 1 1 1 1 1 1 1 1 1 1 1 1 1 1 1 1 1 1 0 1 1 1 1 1 1 1 1 1 1 1 1 1
230 40 2966  1 0 0 0 0 0 1 0 0 1 1 0 0 0 0 0 0 1 0 0 0 0 0 0 0 0 0 0 1 0 0 0 0 1 1 0 0 0 0 1
231 40 11304  1 0 1 1 1 1 1 1 1 1 1 1 1 1 1 1 1 1 1 1 1 1 1 1 1 1 1 1 1 1 1 1 1 1 1 1 1 1 1 1
232 40 9771  1 1 1 1 1 0 1 1 1 1 1 1 1 1 1 0 1 0 1 0 1 1 1 0 1 1 1 0 1 1 1 1 1 1 1 1 0 0 1 1
233 40 4477  0 1 0 0 0 1 1 0 1 0 0 0 0 1 1 0 0 0 1 1 0 1 1 0 0 1 0 0 0 1 0 0 1 1 0 0 0 1 0 1
234 40 8200  0 1 0 1 0 1 1 0 0 1 1 1 1 1 1 1 1 1 1 1 1 0 1 0 1 1 0 1 1 1 1 1 0 1 1 1 1 1 1 1
235 40 5790  1 1 1 0 0 1 0 0 0 0 1 1 0 1 0 1 1 0 1 1 0 1 0 0 1 0 0 0 0 0 1 0 0 0 0 0 1 1 0 1
236 40 8862  1 1 1 1 1 1 0 1 1 1 1 1 0 0 1 1 1 1 0 0 1 1 1 0 1 1 0 0 1 0 1 1 0 1 1 1 1 1 0 1
237 40 9633  1 1 0 1 1 1 1 0 0 0 1 1 1 1 1 1 1 1 1 1 0 1 1 1 0 0 1 1 1 0 1 1 1 1 1 1 1 0 1 1
238 40 6500  1 1 1 0 0 1 0 1 0 1 1 1 1 1 1 1 1 1 1 0 0 0 1 1 0 0 1 0 0 1 0 0 0 0 0 0 1 1 1 0
239 40 11321  1 1 1 1 1 1 0 1 1 0 1 0 1 1 1 1 1 1 1 1 1 1 1 1 1 1 0 1 1 1 1 1 1 1 1 1 1 1 1 0
240 40 10304  1 1 1 1 0 1 1 1 1 1 1 1 1 1 1 1 1 1 1 1 1 1 1 1 1 1 0 1 1 1 1 1 1 1 0 1 1 0 1 0
241 40 6042  1 0 0 0 0 1 0 1 0 0 0 1 0 1 0 0 0 1 0 0 1 0 1 1 1 1 0 0 0 1 1 1 1 0 0 1 0 1 0 1
242 40 7191  1 1 1 1 1 1 0 0 0 1 1 1 0 0 1 0 0 1 1 1 0 0 0 0 0 1 1 0 1 1 1 1 1 1 0 0 0 0 0 1
243 40 5086  1 0 0 1 0 1 0 1 0 1 0 1 0 1 0 1 0 0 0 0 0 1 0 1 0 1 0 0 0 1 1 1 0 0 0 0 0 1 1 0
244 40 4471  0 0 1 0 1 1 0 1 0 0 0 0 1 0 0 0 1 1 0 0 1 0 1 1 0 0 0 1 1 0 0 0 0 0 0 0 0 0 0 0
245 40 5445  0 0 0 1 0 1 0 1 1 0 1 1 0 0 1 1 0 1 1 1 0 1 0 0 0 1 1 0 1 0 0 0 1 1 0 0 0 0 0 1
246 40 9696  1 0 1 1 1 1 0 1 1 1 0 1 1 0 0 0 1 1 1 1 0 1 1 0 0 1 1 1 1 1 1 1 1 1 0 0 1 0 1 1
247 40 7653  1 0 1 1 1 0 0 1 0 1 1 1 0 1 0 1 0 0 1 1 1 0 1 0 1 1 0 1 1 0 1 1 0 0 1 1 1 1 1 0
248 40 5123  0 1 0 0 0 0 1 0 1 1 0 0 0 0 1 1 1 0 0 1 0 0 1 0 1 0 1 0 1 0 0 1 1 1 1 0 0 0 1 1
249 40 2832  0 0 0 0 0 0 1 0 0 0 0 0 0 0 1 1 0 0 0 1 0 1 0 0 0 0 1 0 0 1 1 0 0 0 0 0 0 0 1 0
250 40 7558  0 1 1 1 1 1 1 0 0 1 0 0 0 0 1 1 0 1 0 1 0 1 1 1 1 1 0 0 0 1 1 1 1 1 0 1 0 0 0 0
251 40 10422  1 1 1 1 1 1 1 1 1 1 1 1 1 1 1 1 1 1 0 1 1 1 1 1 1 1 1 1 0 1 1 1 1 1 1 1 1 1 0 1
252 40 6326  0 1 1 1 1 0 1 0 1 0 0 1 1 0 0 0 0 1 0 1 1 1 0 0 1 1 0 0 1 0 0 1 0 0 1 1 1 1 0 1
253 40 9441  1 1 1 0 1 1 1 1 1 1 1 1 1 1 1 0 0 1 0 1 0 1 1 1 1 1 1 1 1 1 1 1 1 1 1 1 1 1 1 1
254 40 6114  1 1 0 0 0 1 1 1 1 0 0 1 1 0 0 1 0 0 1 1 0 0 0 0 0 0 0 1 1 1 1 0 1 1 1 1 0 1 0 0
255 40 9579  1 1 0 1 1 0 1 1 1 1 1 1 1 1 1 1 1 1 1 1 1 1 0 1 1 1 1 1 1 1 1 1 1 1 1 1 1 0 1 1
256 40 8315  1 0 0 1 1 1 1 0 1 0 0 0 1 1 1 0 1 1 1 0 1 1 1 0 1 1 1 0 1 0 0 1 1 1 1 1 0 1 1 1
257 40 4254  0 0 1 0 0 0 0 0 1 0 0 0 1 0 0 0 0 0 0 1 1 0 0 0 1 0 1 0 0 1 0 1 0 0 0 0 1 1 1 0
258 40 9911  1 1 1 1 1 1 1 1 1 1 1 1 1 1 1 1 1 1 1 1 1 1 1 1 1 1 1 1 1 0 0 1 1 1 1 1 0 1 1 1
259 40 7303  1 1 0 0 0 1 1 0 1 1 0 0 1 0 1 0 1 0 0 1 1 1 1 1 1 1 1 0 1 0 1 0 1 0 1 1 0 0 0 1
260 40 9941  1 1 0 1 1 1 1 1 1 1 1 1 1 1 1 0 1 1 1 1 1 1 0 0 1 0 1 1 0 0 1 1 1 1 1 1 1 1 1 1
261 40 9908  1 1 0 0 1 1 0 1 1 1 0 0 1 1 1 1 1 1 0 1 1 1 1 0 1 0 0 1 1 1 1 1 1 1 1 1 0 1 1 1
262 40 4557  0 1 1 1 0 0 1 0 0 0 1 1 0 0 1 1 0 1 0 1 0 0 1 0 0 0 1 0 1 0 1 0 0 1 0 0 0 1 0 0
263 40 6980  0 1 1 0 1 1 1 1 1 1 0 0 0 1 1 0 1 0 0 1 0 0 1 1 1 1 1 0 0 1 0 0 1 0 1 1 0 0 0 1
264 40 3964  0 0 0 0 0 0 1 1 0 0 1 0 0 0 1 1 1 0 0 0 1 0 0 1 0 0 1 0 1 1 0 0 0 0 0 1 1 0 0 0
265 40 2695  0 1 0 0 0 1 1 0 0 0 1 0 0 0 1 0 1 0 0 0 0 0 1 0 0 0 0 0 0 0 0 0 0 0 0 0 0 1 0 0
266 40 9471  1 1 1 1 1 0 1 1 1 1 1 1 1 1 1 1 0 1 1 1 1 1 1 1 1 1 1 1 1 1 1 1 1 1 1 1 1 1 1 0
267 40 7862  0 0 1 0 1 1 1 0 1 1 1 0 1 1 1 0 1 0 0 0 1 1 0 1 1 1 0 1 0 1 0 1 0 0 1 0 1 1 1 0
268 40 6347  0 0 1 1 1 0 0 1 1 1 1 0 1 1 1 1 1 0 0 0 0 0 0 0 0 1 0 1 1 1 0 0 0 0 0 0 1 1 1 1
269 40 9966  1 1 1 1 1 1 1 1 1 1 1 1 1 1 1 1 1 1 1 1 1 1 1 1 1 1 1 1 1 1 1 1 1 1 1 1 1 1 1 1
270 40 9438  1 1 1 1 1 1 1 1 1 1 0 1 1 1 1 1 1 1 1 1 1 1 1 1 1 1 1 1 1 1 1 1 1 1 1 1 1 1 1 1
271 40 4213  1 0 0 0 1 1 0 1 1 0 1 0 0 0 1 0 0 0 1 0 0 0 0 1 0 0 0 1 0 0 0 0 0 0 0 1 0 0 0 1
272 40 6457  0 0 1 1 1 1 0 0 1 0 0 0 1 1 0 0 1 1 0 0 0 1 0 1 1 1 1 0 1 0 0 0 1 1 1 1 1 0 0 0
273 40 10843  0 1 1 0 1 1 1 1 1 1 1 1 1 1 1 1 1 1 1 1 1 1 1 1 1 1 1 1 1 0 1 1 1 1 0 0 1 1 1 1
274 40 11117  1 1 1 1 1 1 1 1 1 1 1 1 1 1 1 1 1 1 1 1 1 1 1 1 1 1 1 1 1 1 1 1 1 1 1 1 1 1 1 1
275 40 8668  1 1 0 0 1 1 1 1 1 0 1 0 1 1 1 1 1 1 1 1 1 1 1 0 1 0 0 1 1 1 1 1 1 0 1 1 0 1 1 1
276 40 9591  0 1 1 1 1 1 1 1 1 1 1 1 1 1 1 1 1 1 1 1 1 0 1 1 1 1 1 1 1 1 1 0 1 0 0 1 1 1 1 1
277 40 4611  1 0 1 1 0 1 0 0 0 1 0 0 0 0 1 0 0 0 1 1 1 0 0 0 0 1 0 1 0 1 0 0 0 0 1 0 0 0 0 1
278 40 7908  0 1 0 0 0 1 1 0 0 1 1 1 1 1 0 0 1 1 1 1 0 0 1 1 1 1 0 1 1 1 0 0 0 1 1 0 1 1 1 0
279 40 3856  1 1 0 0 0 0 1 0 1 1 1 0 0 0 0 0 0 0 0 0 1 0 0 0 0 0 1 0 1 0 0 0 0 0 0 0 0 1 0 0
280 40 4706  1 0 1 0 0 0 1 0 0 1 0 0 0 1 0 0 0 1 1 1 0 0 0 1 1 1 0 0 0 0 0 1 0 1 1 0 0 0 1 0
281 40 10652  1 1 1 1 1 1 1 0 1 1 1 1 1 1 0 1 1 1 1 1 1 1 0 1 1 1 1 1 1 1 1 1 1 1 1 1 1 1 1 1
282 40 9487  1 1 1 1 1 1 1 1 1 1 1 1 1 1 1 1 1 1 1 1 1 1 0 1 0 0 1 1 1 1 1 1 1 1 1 1 1 1 1 1
283 40 8738  1 1 1 1 1 1 1 1 1 1 1 1 1 1 1 1 1 1 1 1 0 1 1 1 1 1 1 1 1 1 1 1 0 1 1 1 1 1 1 1
284 40 9925  0 1 1 1 0 1 1 0 1 1 1 1 1 1 1 1 1 0 1 0 1 1 1 1 1 1 1 1 1 1 1 0 0 0 0 1 0 1 1 0
285 40 7496  0 1 0 0 0 0 1 1 0 1 1 1 0 0 1 1 0 1 0 1 0 1 0 1 1 1 1 0 1 0 1 1 1 0 1 1 1 1 1 0
286 40 7008  1 1 1 1 0 0 0 1 1 1 0 1 1 1 0 1 0 1 0 1 0 0 0 1 1 0 0 0 0 0 1 1 1 1 0 1 1 0 1 0
287 40 9675  0 1 0 1 1 1 0 0 1 1 1 1 1 0 0 1 1 1 1 1 1 1 1 1 1 1 1 0 0 1 0 1 1 1 1 1 0 0 1 1
288 40 6809  1 0 0 0 1 0 0 0 1 1 0 1 0 0 0 1 0 1 0 1 0 1 1 0 0 0 1 1 1 0 1 1 0 1 1 1 1 1 0 0
289 40 9534  1 0 1 0 1 1 1 1 1 0 1 1 1 1 1 1 1 1 1 1 1 1 1 1 1 1 1 1 1 0 1 1 1 1 1 0 0 1 1 1
290 40 10705  1 1 1 1 1 1 1 1 1 1 1 1 1 1 1 1 1 1 1 1 1 1 1 1 0 1 1 1 1 0 1 1 1 1 1 1 1 1 1 0
291 40 10439  1 1 1 1 1 1 1 1 1 1 1 1 1 1 1 1 1 1 1 1 1 1 1 1 1 1 1 1 1 1 1 1 1 1 1 1 1 1 1 1
292 40 4743  0 0 1 1 0 0 1 1 0 1 1 0 1 1 0 0 0 0 0 0 0 0 1 0 0 0 1 0 0 0 1 0 0 1 0 1 0 1 0 0
293 40 10329  1 1 1 1 1 1 1 1 1 1 1 1 1 1 1 1 1 1 1 1 1 1 1 1 1 1 1 1 1 1 1 1 1 1 1 1 1 1 1 1
294 40 10118  1 1 0 1 1 1 1 1 1 1 1 1 1 1 1 1 1 0 1 0 1 1 0 1 1 1 1 1 1 1 1 1 1 1 1 1 1 1 1 1
295 40 8320  0 1 1 1 1 1 0 1 1 1 1 1 0 1 1 1 1 0 1 1 0 1 1 1 1 1 1 1 1 1 0 1 1 0 0 0 1 0 1 1
296 40 11596  1 1 1 1 1 1 1 1 1 1 1 1 1 1 1 1 1 1 1 1 1 1 1 1 1 1 1 1 1 1 1 1 1 1 1 1 1 1 1 1
297 40 6340  0 1 0 0 1 1 0 0 1 0 0 0 1 0 1 1 0 0 0 0 1 0 1 0 1 1 0 1 0 0 0 1 1 0 1 0 1 1 1 0
298 40 10093  1 1 1 1 1 1 1 1 1 1 1 1 1 1 1 1 1 1 1 1 1 0 1 1 1 1 1 1 1 1 1 1 1 0 0 1 1 1 0 1
299 40 6923  1 1 1 0 1 1 0 1 0 1 1 0 1 0 0 0 0 1 0 0 0 0 1 0 0 0 1 1 0 1 1 0 1 1 1 0 1 0 1 1
300 40 8376  0 1 0 1 1 1 0 1 1 1 0 1 1 1 1 1 1 1 0 0 1 1 1 1 0 1 1 1 0 0 0 1 1 0 1 1 0 1 1 1
301 40 7626  0 1 1 1 1 1 1 1 0 1 0 1 1 0 1 1 0 1 1 0 0 0 0 0 1 1 0 1 1 0 1 1 1 1 0 0 0 1 0 1
302 40 10398  1 1 1 1 1 1 1 1 1 1 1 1 1 0 1 1 1 1 1 1 1 1 1 1 1 1 1 1 1 1 1 1 1 1 0 1 1 1 1 1
303 40 7622  1 0 1 0 1 0 0 0 0 1 0 1 0 1 1 0 0 0 0 0 1 1 1 1 0 1 1 0 0 1 1 0 1 1 1 1 1 1 0 0
304 40 6998  0 1 1 0 0 1 0 0 1 0 1 0 1 1 1 0 1 1 1 1 0 1 1 0 0 1 0 0 1 0 1 0 0 1 1 1 1 1 0 1
305 40 7234  0 1 1 1 0 1 0 1 1 0 1 0 1 0 1 0 0 0 0 1 0 1 0 0 1 1 1 0 0 1 0 1 0 1 1 0 1 1 0 0
306 40 7814  1 0 1 1 0 0 1 1 1 0 1 1 0 1 1 1 1 1 0 1 1 1 1 1 1 0 0 1 1 0 1 1 0 1 0 1 1 1 0 0
307 40 9466  1 1 1 1 1 1 1 1 0 1 0 0 1 1 1 0 1 1 1 1 1 1 1 1 1 1 1 1 1 1 1 1 1 1 1 1 1 1 1 1
308 40 11229  1 1 1 1 1 1 0 0 1 1 1 1 1 1 1 1 1 0 1 1 1 1 1 1 1 1 1 1 1 1 1 1 1 1 0 1 1 1 1 1
309 40 9369  1 0 1 1 1 1 0 1 1 1 0 1 1 1 1 0 1 1 1 1 1 1 0 1 1 0 1 1 1 1 1 1 1 1 1 1 0 1 1 1
310 40 4841  1 0 1 0 0 0 0 0 0 0 1 0 0 0 0 1 0 1 0 1 0 1 0 0 1 0 0 0 1 0 1 0 1 1 1 0 0 1 0 0
311 40 10505  1 1 1 0 1 1 1 1 1 0 1 0 1 1 1 1 1 1 1 1 1 0 1 1 1 1 1 1 1 1 0 0 1 1 1 1 1 1 1 0
312 40 10797  1 1 1 1 1 1 1 1 1 1 0 1 1 0 0 1 0 1 1 1 1 1 1 1 1 1 1 1 1 1 1 1 1 1 1 1 0 1 0 1
313 40 8440  0 1 0 0 0 0 1 0 1 1 0 1 1 1 1 1 1 0 0 1 0 1 1 0 0 1 1 1 1 0 0 0 1 0 1 1 1 1 1 0
314 40 11305  1 1 1 0 0 1 1 1 1 0 1 1 1 1 1 1 1 1 1 0 1 1 1 1 1 0 1 1 1 1 1 1 1 1 1 1 1 1 1 1
315 40 3021  0 1 0 0 1 0 0 0 1 0 0 1 0 1 0 0 0 0 1 0 0 1 0 0 0 0 0 1 0 0 1 0 0 0 0 0 0 0 0 0
316 40 4825  0 1 0 1 0 1 0 1 0 0 1 0 0 0 0 0 1 0 0 0 0 0 0 1 0 0 1 1 0 0 1 0 0 0 0 0 0 0 1 1
317 40 4254  0 0 0 0 0 1 1 0 1 0 1 0 0 0 0 1 0 0 0 1 1 1 0 0 1 0 0 0 0 1 0 0 0 1 0 0 0 1 1 0
318 40 7056  1 0 1 0 1 1 1 1 1 1 0 1 0 0 0 0 1 0 0 1 1 1 0 0 0 1 0 1 1 1 1 0 1 0 1 0 0 1 1 0
319 40 8457  0 1 1 1 1 1 1 0 1 0 1 1 0 1 0 1 0 0 1 0 1 1 0 1 1 1 0 1 1 1 1 1 1 0 1 0 1 0 0 1
320 40 9024  1 1 1 1 1 1 1 0 1 0 1 1 1 1 0 1 1 1 1 1 1 1 0 1 1 0 1 1 1 0 1 1 1 1 1 1 1 1 1 1
321 40 8926  0 1 0 0 1 1 1 0 1 1 1 1 1 0 1 1 1 1 0 1 0 0 1 1 1 1 0 1 1 1 1 0 1 1 1 1 0 1 0 1
322 40 8916  1 0 1 0 1 1 0 1 1 1 1 1 1 0 0 1 0 1 1 1 1 1 1 0 1 1 0 1 1 1 1 1 0 0 1 1 0 1 1 0
323 40 9692  0 1 1 1 1 1 1 1 1 1 1 1 1 1 0 1 1 0 1 1 1 1 0 0 1 1 1 0 1 1 1 1 1 1 1 1 1 1 1 1
324 40 6568  1 1 0 1 0 1 0 0 0 0 0 1 0 1 0 0 1 1 1 1 0 0 0 1 0 1 1 0 1 0 0 0 1 0 1 1 0 1 1 1
325 40 8777  1 1 0 0 0 1 1 1 1 1 1 1 0 0 1 1 1 1 0 0 1 1 1 1 1 0 1 1 0 1 1 0 1 1 1 0 1 1 0 1
326 40 11529  1 1 1 1 1 1 1 1 1 1 1 1 1 1 1 1 1 1 1 1 1 1 1 1 1 0 1 1 1 1 1 1 1 1 1 1 1 1 1 1
327 40 9507  1 1 1 1 0 1 0 1 0 1 1 1 1 1 1 0 1 0 1 1 1 1 0 1 1 0 1 1 1 0 1 1 1 1 1 1 1 1 1 0
328 40 6761  1 0 1 1 0 0 1 1 1 1 0 0 0 1 0 0 1 1 1 0 1 1 0 1 1 1 0 1 0 1 0 1 0 0 1 0 0 1 1 0
329 40 6869  1 0 0 1 0 1 1 0 1 1 1 0 0 0 1 0 1 1 0 0 1 1 1 0 0 1 1 1 0 0 0 1 1 1 1 0 1 0 1 0
330 40 10076  1 1 1 1 1 1 0 1 1 1 1 1 1 1 1 1 0 1 0 1 0 1 1 1 1 1 1 1 1 1 1 1 1 1 1 1 1 1 0 1
331 40 6775  1 1 1 1 0 0 1 1 1 1 0 1 0 1 0 0 1 1 1 1 1 1 1 1 0 0 0 0 0 0 1 0 0 1 0 0 1 1 1 0
332 40 3910  0 0 0 0 1 0 1 0 0 0 0 0 1 0 0 1 1 0 0 0 0 0 0 0 0 0 0 0 0 0 1 1 1 1 1 1 0 0 0 1
333 40 7162  1 1 1 0 1 0 0 0 1 1 1 0 1 1 0 0 1 1 1 1 1 0 1 1 0 1 0 0 0 0 1 1 1 1 1 1 0 1 0 1
334 40 9209  1 0 1 1 0 1 1 1 1 1 0 1 1 1 1 1 0 1 1 0 0 1 1 1 1 1 0 1 1 1 1 1 1 1 1 1 1 1 1 0
335 40 10871  1 1 1 1 1 1 1 1 1 1 1 1 0 1 1 1 1 1 1 1 1 1 1 0 1 1 1 1 1 1 1 1 1 1 1 1 1 1 1 1
336 40 9458  1 1 1 1 1 1 0 1 0 1 1 0 1 1 1 1 1 0 1 1 0 1 1 1 1 1 1 1 0 0 1 1 1 1 1 1 1 1 1 1
337 40 5097  1 0 0 0 1 1 1 1 0 1 1 0 0 0 1 0 0 0 1 0 0 1 1 0 0 0 0 0 0 0 1 0 0 0 0 1 0 1 0 0
338 40 9189  1 1 1 1 1 1 1 1 1 1 1 1 1 1 1 1 1 1 1 1 1 1 1 1 1 1 1 1 1 1 1 1 1 1 1 1 1 1 1 1
339 40 6815  0 0 1 1 0 1 1 1 1 1 0 0 1 1 0 1 0 1 0 1 0 1 0 1 0 1 1 1 0 0 0 1 0 1 1 0 0 0 0 1
340 40 6309  1 1 0 0 0 0 0 0 0 1 0 0 0 1 0 1 1 1 1 1 0 1 1 1 1 0 0 0 1 0 0 0 0 1 1 1 1 0 1 0
341 40 7894  1 1 1 0 1 0 1 1 0 0 1 0 1 0 0 0 0 1 1 1 0 0 1 1 1 1 1 1 1 1 0 0 1 0 0 1 1 1 0 1
342 40 10655  1 1 1 1 0 1 1 1 1 1 1 1 1 1 0 1 1 1 1 1 1 1 1 1 1 1 1 1 0 1 0 1 1 1 1 1 1 1 1 1
343 40 6639  1 0 0 1 1 0 0 0 0 1 0 1 1 1 0 1 1 0 0 0 0 0 0 1 0 0 1 1 1 1 1 0 0 1 1 1 1 1 0 0
344 40 4208  0 0 1 0 0 0 0 0 0 0 0 0 1 1 1 0 0 0 1 0 1 1 1 0 1 0 0 0 0 0 1 0 1 0 0 0 0 1 1 0
345 40 9222  0 1 0 1 1 1 1 1 1 1 0 1 1 1 1 1 1 0 1 1 1 0 1 0 1 1 1 1 1 1 1 1 0 0 1 0 0 0 1 1
346 40 4804  1 1 0 1 0 0 1 0 0 0 0 0 1 0 0 0 1 0 0 1 0 0 0 1 0 1 0 0 0 1 1 1 1 1 1 0 0 0 0 0
347 40 10529  1 1 1 1 1 1 1 1 1 1 1 1 1 1 1 1 1 1 1 1 1 1 1 1 0 0 1 0 1 0 1 1 1 1 1 1 1 1 1 0
348 40 4933  0 0 0 1 0 1 1 0 0 0 1 0 0 1 1 0 0 0 0 1 0 0 0 0 1 1 1 1 0 1 0 0 1 0 1 0 0 1 1 0
349 40 4292  0 0 0 1 0 0 0 0 0 1 1 0 0 1 0 0 0 0 0 1 1 0 0 0 0 0 0 1 1 1 1 1 1 0 1 0 0 0 1 0
350 40 5890  0 0 0 1 0 1 1 0 0 1 0 0 0 0 1 0 0 0 1 0 1 1 1 1 0 1 0 0 0 0 0 1 0 1 0 0 1 0 1 0
351 40 9197  1 1 0 1 1 1 1 0 0 1 1 1 1 1 0 1 0 1 1 1 1 1 1 0 0 1 1 0 0 1 1 1 1 1 1 1 1 1 1 1
352 40 10169  1 1 1 1 1 1 1 1 1 1 1 1 1 1 1 1 1 1 1 1 1 1 1 1 1 1 1 1 1 1 1 1 1 1 1 1 1 1 1 1
353 40 5224  0 1 1 0 0 0 0 0 1 0 1 0 0 0 1 0 0 0 0 1 0 0 1 0 0 1 0 1 0 1 1 0 0 0 1 1 1 0 1 1
354 40 9103  1 0 1 0 1 1 1 1 1 1 0 1 1 1 1 1 1 1 1 0 1 1 1 1 0 1 1 1 1 1 1 0 1 1 1 1 1 1 1 1
355 40 9554  1 1 1 1 0 1 1 1 1 1 1 1 1 1 1 1 1 1 1 1 1 0 1 0 1 1 1 1 1 1 0 1 0 0 1 1 1 1 1 1
356 40 3853  1 0 1 1 0 0 0 1 0 1 0 0 1 0 0 1 0 1 0 0 0 0 1 0 0 0 0 1 0 0 0 0 0 0 0 1 0 0 0 1
357 40 3913  0 0 0 0 0 0 1 0 1 0 1 0 0 0 1 1 0 0 0 0 0 1 0 0 0 0 0 1 0 0 0 0 0 0 1 1 0 0 0 1
358 40 7347  1 1 0 1 0 0 1 1 0 1 1 0 1 1 1 0 1 0 1 1 1 1 1 1 1 0 0 1 0 1 1 1 1 1 0 1 0 1 0 0
359 40 8346  1 1 1 1 0 0 1 1 0 0 1 1 1 0 1 0 1 1 1 1 1 1 1 0 0 0 0 0 1 1 1 1 0 0 1 1 1 1 1 0
360 40 6266  0 1 1 1 0 0 0 0 1 0 0 1 1 1 1 1 0 0 1 0 1 0 1 1 1 1 1 0 0 1 1 0 0 1 0 0 1 1 0 1
361 40 6298  1 0 0 0 0 0 1 0 1 1 0 1 0 0 1 1 1 1 1 1 0 0 1 0 0 1 0 0 0 0 1 0 1 0 1 1 1 0 0 1
362 40 7575  0 0 0 0 0 1 1 1 0 0 1 1 1 1 0 1 0 0 0 1 1 1 1 0 0 1 1 0 0 0 1 0 1 0 0 1 1 1 1 0
363 40 8114  0 1 0 0 1 1 1 1 1 0 0 1 1 1 1 0 0 0 1 1 1 0 0 0 0 0 0 0 1 1 1 1 1 0 1 1 1 0 0 1
364 40 9774  0 0 1 1 1 1 1 1 1 1 1 1 1 1 1 1 0 1 1 0 0 1 1 0 1 0 0 1 1 1 1 0 1 1 0 0 1 0 1 1
365 40 6805  1 1 0 1 1 1 0 1 0 0 1 0 1 0 1 1 0 1 1 1 1 1 1 0 1 1 1 0 0 1 1 0 0 0 1 1 0 0 0 1
366 40 8507  1 1 1 0 1 1 0 1 0 1 1 1 1 1 1 1 1 0 1 1 1 1 1 0 1 1 1 1 1 1 0 1 1 1 1 1 1 1 1 1
367 40 9777  1 1 1 1 1 0 1 1 1 1 1 1 1 1 1 1 1 1 1 1 1 1 1 1 1 1 1 1 0 1 1 1 1 1 1 1 1 1 1 1
368 40 8928  1 0 0 0 0 0 1 1 0 0 1 1 1 1 0 1 1 1 1 0 1 1 0 1 0 0 0 1 1 1 1 1 1 1 0 1 1 1 1 1
369 40 7797  1 0 1 0 1 1 1 0 1 0 1 1 1 1 0 1 1 1 1 1 1 1 1 0 1 1 1 1 1 1 1 0 1 1 0 1 0 1 1 1
370 40 5615  0 1 0 0 0 1 0 0 0 0 1 0 0 1 0 1 1 1 0 1 1 1 0 0 0 0 0 0 0 0 1 1 0 0 1 0 0 1 1 1
371 40 7872  0 0 0 0 1 0 0 0 1 1 1 1 0 1 0 1 0 1 1 1 0 0 1 1 1 1 1 1 0 1 0 0 1 1 1 1 0 0 0 1
372 40 9571  1 0 1 1 1 0 1 1 1 0 1 1 1 1 1 0 1 0 1 0 1 1 1 1 0 1 1 1 1 1 0 1 1 1 1 1 1 1 1 1
373 40 5971  0 0 0 1 0 1 1 0 1 0 0 0 0 0 1 0 0 0 0 1 0 1 0 1 0 1 1 1 1 1 0 1 0 1 0 0 0 0 1 1
374 40 5455  0 0 1 0 0 1 1 1 1 0 1 0 1 0 0 0 1 0 0 1 1 0 1 0 0 1 1 0 0 1 1 1 1 0 0 0 1 1 1 1
375 40 2619  1 0 0 1 0 1 0 1 0 0 0 0 0 0 0 0 0 0 0 0 0 1 0 0 0 0 0 1 0 1 0 0 0 0 0 0 0 0 0 0
376 40 6498  1 1 0 0 0 1 0 1 0 1 0 0 1 1 1 0 0 0 1 0 0 0 1 1 1 0 0 1 1 0 1 0 1 1 1 1 0 0 1 0
377 40 9578  1 1 1 0 1 1 1 0 1 0 1 1 1 1 1 1 1 0 1 1 1 1 1 1 1 1 1 1 1 1 1 1 1 1 1 0 1 1 1 1
378 40 11147  1 1 1 1 1 1 1 0 1 1 1 1 1 1 1 0 1 1 1 1 1 1 1 1 1 1 1 1 1 1 0 0 1 1 1 1 1 1 1 1
379 40 9205  0 1 1 1 1 1 1 1 1 0 0 1 0 1 1 1 1 1 1 1 0 0 1 1 1 1 1 1 1 0 1 1 1 1 1 0 1 1 1 1
380 40 8572  0 0 1 0 1 1 1 1 0 0 1 1 0 1 1 1 1 1 1 0 1 1 1 0 1 0 0 0 0 0 1 1 1 0 0 0 0 1 1 1
381 40 4416  0 0 1 0 1 0 0 1 1 0 0 0 0 1 0 1 0 0 1 0 0 0 1 1 0 1 0 1 1 0 0 0 1 0 0 1 0 0 0 0
382 40 5971  0 1 1 1 1 0 1 1 1 0 1 1 0 0 0 0 1 0 1 0 0 0 0 0 1 1 0 1 0 0 0 1 1 1 1 0 0 0 1 0
383 40 2529  0 1 0 1 0 0 1 0 0 0 0 0 0 0 0 0 1 0 0 0 0 0 0 0 1 1 1 0 0 0 0 0 0 1 0 0 0 0 0 0
384 40 6785  0 1 1 0 1 0 0 1 0 1 1 0 0 1 1 1 0 1 0 0 0 0 1 1 0 1 1 0 1 1 1 1 1 0 0 1 0 1 1 1
385 40 5407  0 0 0 1 0 1 1 1 0 0 0 0 0 1 1 0 0 1 0 0 0 1 0 0 0 0 0 0 1 1 0 1 0 1 1 0 1 0 0 1
386 40 9038  1 1 1 1 0 1 1 1 1 1 1 0 1 1 1 0 1 1 1 0 1 1 1 1 1 0 1 1 1 1 1 1 1 1 0 1 1 1 1 1
387 40 8819  0 0 1 1 1 1 1 1 0 0 1 1 1 0 1 1 1 1 1 1 1 1 1 1 1 0 1 1 0 1 1 1 1 1 1 1 0 0 1 1
388 40 2359  0 0 0 0 1 0 0 0 0 0 0 0 0 1 0 0 0 0 1 0 1 0 1 0 0 0 0 0 0 0 1 0 0 0 0 0 0 1 0 0
389 40 10427  1 1 0 1 1 1 1 1 1 1 1 1 1 1 1 1 1 1 1 1 1 1 1 1 1 1 1 1 1 1 1 1 0 1 1 1 1 0 0 1
390 40 9134  1 1 1 1 1 1 1 1 1 1 1 1 1 1 1 1 1 1 1 1 1 1 1 1 1 1 1 1 1 1 1 1 1 1 1 1 1 1 1 1
391 40 6420  0 0 1 1 0 0 1 0 0 1 1 0 1 0 0 0 0 1 0 0 1 1 0 0 1 0 1 1 1 0 0 0 1 0 1 1 1 1 0 0
392 40 8793  1 1 1 1 1 1 1 1 1 1 1 1 1 1 1 1 1 1 1 1 1 1 1 1 1 1 1 1 1 1 1 1 1 1 1 1 1 1 1 1
393 40 10419  1 1 1 1 1 1 1 1 1 1 1 1 1 1 1 1 1 0 1 1 0 1 1 1 1 1 1 1 1 1 1 1 1 1 1 1 1 1 1 1
394 40 10516  1 1 1 1 1 1 1 1 1 0 1 0 1 1 1 0 0 1 1 1 1 1 1 0 0 1 1 1 1 0 1 0 0 1 1 1 1 1 1 0
395 40 8451  1 0 0 0 1 0 0 1 1 1 1 0 1 0 1 0 1 1 1 1 1 1 1 1 1 1 0 0 0 1 0 1 1 0 1 1 1 1 1 1
396 40 6740  0 1 1 1 1 1 0 0 0 0 0 1 1 1 1 0 1 1 0 0 0 1 1 0 0 0 1 0 0 1 1 1 0 1 0 1 0 0 0 1
397 40 2846  0 0 0 0 0 0 1 0 1 0 0 0 0 0 0 0 0 0 0 0 0 1 0 1 0 1 0 0 0 0 0 1 0 1 0 0 1 1 0 0
398 40 6997  1 1 1 1 1 0 0 1 0 0 1 0 0 0 1 1 0 1 0 1 0 1 0 1 1 0 0 0 1 0 1 1 1 1 1 0 0 0 0 1
399 40 8082  1 0 0 1 1 0 1 1 1 0 1 0 1 1 1 0 0 1 1 1 0 1 1 1 0 1 1 1 0 0 1 0 0 1 1 1 1 1 1 1
400 40 4562  1 1 0 0 0 0 0 0 0 0 0 0 0 0 1 1 1 1 0 0 1 1 0 0 1 0 0 1 0 1 0 1 0 0 0 0 1 0 1 1
401 40 9606  1 1 1 1 0 1 1 1 0 1 1 1 0 1 1 1 1 1 1 1 1 1 1 0 1 1 1 1 1 0 0 0 1 1 1 1 1 0 1 1
402 40 8275  1 0 0 1 0 1 1 0 0 1 0 1 0 1 1 1 1 1 1 0 1 0 1 0 1 0 1 0 1 1 1 1 1 1 0 1 0 1 1 1
403 40 7749  1 0 0 1 0 1 1 0 1 1 0 1 0 1 1 1 1 1 1 1 0 1 1 1 1 1 0 0 0 0 0 1 1 1 1 1 1 1 0 1
404 40 4273  0 0 0 1 0 0 0 1 0 0 1 1 0 0 0 0 0 1 1 0 0 0 0 1 1 0 0 0 0 1 1 0 1 0 0 0 1 0 0 0
405 40 9515  1 1 1 1 1 1 1 1 1 1 1 1 1 1 1 1 1 1 1 1 1 1 1 1 1 1 1 1 1 1 1 1 1 1 1 1 1 1 1 1
406 40 9286  1 0 0 1 1 1 1 0 1 0 0 1 1 1 1 1 1 1 0 1 0 1 1 1 1 1 1 1 1 1 0 1 1 0 1 1 1 1 1 1
407 40 9682  1 1 1 1 1 0 1 1 0 1 1 1 1 1 1 1 1 1 0 1 1 1 0 0 0 1 1 1 0 1 1 1 1 1 1 1 1 1 0 1
408 40 8021  1 1 1 1 1 0 0 1 1 1 1 1 0 1 0 1 0 1 1 0 0 0 1 0 1 0 0 1 0 0 1 1 1 0 1 1 0 1 1 0
409 40 8889  0 1 0 0 1 1 1 1 0 1 1 1 0 1 1 1 1 1 0 0 0 0 1 1 1 0 1 1 1 1 1 1 1 1 1 1 0 1 1 0
410 40 11060  1 1 1 1 1 1 0 0 1 1 1 1 1 1 1 1 1 1 1 1 1 1 1 1 1 1 1 1 1 1 1 1 1 1 1 1 1 1 1 1
411 40 10158  1 1 1 1 1 1 1 1 1 1 1 1 1 1 1 1 1 1 1 1 1 1 1 1 1 1 1 1 1 1 0 1 1 0 1 1 1 0 1 1
412 40 4247  1 0 0 1 0 0 0 0 0 1 1 0 0 0 0 1 1 0 1 0 0 0 0 1 1 1 0 0 0 0 0 0 1 0 0 0 0 0 0 1
413 40 7712  1 0 1 1 1 0 1 1 0 0 1 1 1 0 0 1 0 0 1 0 0 0 0 1 1 1 0 1 0 1 0 1 1 1 1 1 1 0 1 0
414 40 5534  0 0 0 0 1 1 1 1 1 1 1 1 0 0 0 1 1 0 1 1 0 0 1 1 1 0 0 0 0 0 0 1 1 0 1 0 0 0 0 0
415 40 7295  0 1 1 1 1 1 0 0 0 1 0 1 0 1 1 0 1 1 1 0 0 1 0 1 0 1 1 0 1 1 0 1 0 1 1 1 1 1 1 1
416 40 8585  0 0 1 1 1 1 1 1 1 1 1 1 1 0 1 1 1 0 1 0 1 1 0 0 0 1 0 1 0 1 0 1 1 1 1 1 1 1 1 1
417 40 9670  1 1 1 1 1 1 1 1 1 1 1 1 1 1 1 1 1 1 1 1 1 1 1 1 1 1 1 1 1 1 1 1 1 1 1 1 1 1 1 1
418 40 8525  1 1 1 1 1 1 1 1 1 1 1 1 1 1 1 1 1 1 1 1 1 1 1 1 1 1 1 1 1 1 1 1 1 1 1 1 1 1 1 1
419 40 7781  0 0 0 0 0 1 1 1 1 1 1 0 1 1 0 0 1 0 0 0 1 1 1 1 0 1 1 0 0 0 1 1 0 1 0 1 0 1 0 1
420 40 6512  1 1 1 0 1 0 0 1 1 1 1 1 1 1 1 1 0 1 1 1 1 1 0 0 0 0 0 1 0 0 1 0 0 1 1 0 1 1 1 1
421 40 7150  1 0 0 1 0 0 1 1 1 0 0 0 1 0 1 1 0 1 1 1 0 0 0 1 1 1 1 0 1 1 0 1 0 0 0 1 1 1 1 1
422 40 3724  0 1 0 0 0 0 1 0 0 0 0 1 0 0 1 0 0 0 1 0 0 0 1 0 0 0 1 0 1 0 0 1 0 1 1 0 1 0 0 0
423 40 9070  1 1 1 1 1 1 1 1 1 1 1 1 1 1 1 1 1 1 1 1 1 1 1 1 1 0 1 1 1 0 0 1 1 1 1 1 0 1 1 0
424 40 10654  1 1 1 1 1 1 1 1 1 1 1 0 1 1 1 1 1 1 1 1 1 1 1 1 1 1 1 1 1 1 1 1 1 1 1 1 1 1 1 1
425 40 9004  1 1 1 1 0 1 1 1 1 1 1 0 1 1 1 1 1 1 1 1 1 1 1 1 1 1 1 0 1 1 1 1 1 1 1 0 0 0 1 1
426 40 5940  0 0 1 1 1 0 0 1 0 0 0 1 0 0 1 1 0 1 0 0 1 1 1 1 0 1 0 1 1 0 1 0 1 1 0 0 1 0 1 0
427 40 9475  1 1 1 1 1 1 1 1 1 1 1 1 1 1 1 1 1 1 1 1 1 1 1 1 1 1 1 0 1 1 1 1 1 1 1 1 1 1 1 1
428 40 10330  1 0 1 1 1 1 0 1 1 1 0 1 1 0 1 1 1 0 0 1 1 1 1 0 1 1 1 1 1 1 1 1 1 1 1 0 0 1 1 1
429 40 9554  1 1 1 1 1 1 1 1 0 1 1 1 1 0 1 1 1 1 1 1 1 0 1 1 1 1 1 1 1 1 1 1 1 1 0 1 1 1 1 1
430 40 2915  0 0 0 0 0 1 0 0 0 0 0 0 0 0 0 1 1 1 0 0 0 0 0 0 0 0 0 1 1 1 0 0 0 1 0 0 0 0 0 0
431 40 9686  1 1 1 1 1 1 1 1 1 1 1 1 1 1 1 1 1 1 0 0 1 1 1 1 1 1 1 1 1 1 1 1 1 1 0 1 1 1 1 1
432 40 7421  0 1 1 1 0 0 1 1 0 1 0 0 1 1 1 0 1 1 1 1 1 0 0 1 0 1 0 0 1 1 1 0 1 1 0 0 1 0 0 1
433 40 7900  1 1 1 1 1 1 1 1 1 1 1 1 1 1 1 1 1 1 1 1 1 1 1 1 1 1 1 1 1 1 1 1 1 1 1 1 1 1 1 1
434 40 5135  0 1 1 0 0 0 0 0 0 0 0 0 0 0 1 0 0 0 0 0 1 1 1 0 0 1 1 0 0 0 1 0 0 1 1 1 1 0 0 1
435 40 9671  1 1 1 1 0 0 1 1 1 1 1 1 1 1 1 1 1 1 1 1 1 1 1 1 1 1 1 1 1 1 1 1 1 1 1 1 1 1 1 1
436 40 4310  0 0 0 0 0 0 0 0 0 0 1 0 1 1 1 0 1 0 0 0 0 0 1 0 0 0 1 0 1 0 0 0 0 1 1 0 1 1 0 0
437 40 6058  1 0 0 0 1 0 1 0 1 1 1 1 1 0 1 1 0 1 1 0 0 0 1 0 0 0 1 1 0 0 0 0 1 1 0 0 1 0 0 1
438 40 7058  1 1 1 0 1 1 1 0 0 0 1 1 0 0 0 0 1 1 1 0 1 0 1 1 1 1 0 0 1 0 1 1 1 0 1 1 0 0 1 0
439 40 9992  1 0 0 1 1 1 1 1 1 1 1 1 1 1 1 1 0 0 1 1 1 0 0 1 1 1 1 1 1 1 1 0 1 1 1 1 1 1 0 1
440 40 1534  0 0 1 0 1 0 0 0 0 0 1 0 0 0 0 0 0 0 0 0 0 0 0 0 0 1 0 0 1 0 0 0 0 0 0 0 0 0 0 0
441 40 9058  1 1 1 1 1 1 1 1 1 1 1 0 1 1 1 1 0 1 0 1 1 1 1 1 1 1 1 1 1 1 1 1 1 1 1 1 1 1 1 1
442 40 6280  1 0 1 1 0 0 1 1 0 1 0 0 0 0 0 0 0 0 1 1 1 1 0 1 1 1 1 0 1 0 1 1 1 0 0 0 1 1 0 1
443 40 1814  0 0 0 0 0 0 0 0 1 0 0 0 0 0 0 0 0 0 0 0 1 1 0 0 0 0 0 0 0 0 0 1 0 0 0 0 0 0 0 1
444 40 5821  1 1 0 0 1 0 1 0 1 0 0 0 1 1 0 1 1 1 1 1 0 0 0 1 0 1 1 0 0 0 1 0 0 0 0 1 0 0 0 1
445 40 5061  0 0 0 0 1 0 0 0 1 1 0 1 0 0 1 1 0 1 0 1 0 0 0 0 0 0 0 0 0 1 1 0 0 0 1 1 0 1 1 0
446 40 8018  1 1 1 1 1 1 1 1 0 0 0 0 0 0 0 1 1 0 1 0 1 0 1 1 0 0 0 0 0 1 1 1 1 1 1 1 1 0 1 1
447 40 6871  0 0 0 0 1 0 1 1 1 0 0 0 0 0 1 0 0 0 0 1 0 1 1 0 1 1 1 1 1 1 0 1 0 0 1 1 1 1 1 0
448 40 7527  1 1 1 1 1 1 0 0 1 0 1 1 1 0 1 0 1 1 1 0 1 1 0 1 0 1 0 1 0 1 1 0 0 1 0 1 1 1 1 0
449 40 9481  1 1 1 0 1 1 1 1 1 0 1 1 1 1 1 1 0 0 1 1 1 0 1 1 1 1 1 1 1 1 1 1 1 1 1 1 1 1 1 1
450 40 7221  0 1 1 0 0 0 0 1 1 1 1 0 1 0 1 1 1 0 0 0 0 1 1 1 0 0 1 0 1 1 0 1 1 1 1 1 0 1 1 0
451 40 2895  0 0 0 0 0 0 0 0 1 1 0 1 0 0 0 0 1 0 0 0 0 1 1 0 0 0 0 1 0 0 0 0 1 0 0 0 0 0 0 0
452 40 6515  0 0 1 0 0 0 0 1 1 0 0 1 1 1 1 1 0 0 0 1 1 0 1 0 1 1 0 0 0 1 0 0 1 1 0 1 1 1 0 0
453 40 6793  0 0 0 0 1 1 0 1 0 1 0 1 1 0 1 0 1 0 0 0 0 1 1 0 0 1 1 0 1 0 1 1 1 0 1 0 1 1 0 1
454 40 2378  1 0 0 0 0 1 0 1 0 1 1 0 0 0 0 1 0 1 0 0 0 0 1 0 0 1 0 0 0 0 0 0 0 0 0 0 0 0 0 0
455 40 4216  1 1 0 0 0 0 0 0 0 0 0 1 1 1 0 0 0 0 0 0 1 0 0 1 0 0 1 0 0 1 0 0 0 0 0 0 0 0 1 1
456 40 11111  1 1 1 1 1 1 1 1 1 1 1 1 1 1 1 1 1 1 1 1 1 1 1 1 1 1 1 1 1 1 1 1 1 1 1 1 1 1 1 1
457 40 3471  1 0 0 0 0 1 0 1 0 0 0 0 0 1 0 0 1 0 0 0 0 0 0 1 0 1 1 0 1 0 0 0 0 1 0 0 0 0 1 0
458 40 2126  1 0 0 0 0 0 1 0 1 0 1 0 1 0 1 0 0 0 0 0 0 0 0 0 0 0 0 0 0 0 0 1 0 0 0 0 0 0 1 0
459 40 8317  1 0 0 1 1 1 1 1 0 1 1 1 0 0 0 1 1 0 1 1 1 1 1 1 1 0 0 1 0 1 0 1 1 0 1 1 0 1 0 1
460 40 9779  1 1 1 1 1 1 1 1 1 1 1 1 1 1 1 0 1 1 1 1 1 1 1 1 1 1 1 1 1 0 1 1 1 1 1 1 1 1 1 1
461 40 6574  1 1 0 0 1 0 0 1 0 0 1 1 0 0 0 0 1 0 1 0 1 1 1 1 0 1 0 0 0 0 1 1 0 0 0 0 1 1 1 0
462 40 2671  0 1 0 0 0 1 0 1 0 0 0 1 0 0 0 0 1 0 0 0 0 0 0 0 0 0 0 1 0 0 0 0 0 0 0 0 1 0 0 1
463 40 10409  1 1 1 1 1 1 1 1 1 1 0 1 1 1 1 1 1 1 1 1 1 1 1 1 1 1 1 1 0 1 1 1 1 1 1 1 0 1 1 1
464 40 3201  1 0 0 1 0 0 0 1 0 0 1 1 1 0 0 0 0 0 0 0 0 0 0 1 0 0 0 1 1 0 0 1 0 0 0 0 0 0 1 1
465 40 5837  1 0 1 0 0 0 1 0 0 0 0 0 1 0 1 0 0 0 1 1 1 0 0 1 1 0 0 1 0 0 1 1 1 1 1 1 0 1 0 1
466 40 8783  1 1 1 1 1 1 1 1 1 0 1 1 1 1 1 1 1 1 1 1 1 1 1 1 1 1 1 1 1 1 1 1 1 1 1 1 0 0 1 1
467 40 9632  1 1 1 1 1 1 0 1 1 1 1 1 0 1 0 1 1 1 1 0 1 1 1 1 1 1 1 1 1 1 1 1 1 1 0 0 1 1 1 1
468 40 9381  0 1 1 1 1 1 1 1 1 1 1 1 1 1 1 1 0 0 1 1 1 1 1 1 1 1 0 1 1 1 1 1 1 1 1 1 1 1 1 1
469 40 9897  1 1 1 1 1 0 1 1 1 1 1 1 1 1 1 0 0 1 1 0 1 1 0 0 1 1 0 0 1 1 1 1 1 1 1 1 1 1 1 1
470 40 9811  1 1 1 1 1 1 1 1 1 1 1 1 1 1 0 1 1 1 1 1 1 1 1 1 1 1 1 1 1 1 1 1 0 1 0 1 0 1 1 1
471 40 11498  1 1 1 1 0 1 1 0 1 0 1 1 1 1 1 1 1 1 1 0 1 0 1 1 0 1 1 1 1 1 1 1 1 1 1 1 0 1 1 1
472 40 9165  1 1 1 1 1 1 1 1 1 1 1 0 1 1 1 1 1 1 0 1 0 1 1 1 1 0 1 1 1 1 1 1 0 1 1 1 0 1 0 0
473 40 9684  1 1 1 1 1 1 1 1 1 1 1 1 1 1 1 1 1 1 1 1 0 0 1 1 1 1 1 1 1 1 1 1 1 1 1 1 1 1 1 0
474 40 7808  0 1 0 1 1 1 1 0 0 0 1 1 1 1 0 1 1 1 0 0 1 1 1 0 1 1 0 1 0 1 1 1 1 1 0 1 1 1 1 1
475 40 8156  1 1 1 1 1 1 0 1 1 0 0 0 1 1 1 1 0 1 0 0 1 1 1 0 1 1 0 1 0 1 1 1 0 1 1 0 1 1 1 0
476 40 4505  1 0 0 1 0 1 0 1 0 0 1 1 0 0 0 1 0 0 0 1 0 0 0 1 0 0 0 1 1 1 0 0 0 0 0 0 0 0 0 0
477 40 6648  1 1 0 0 1 1 1 0 0 1 1 0 0 0 0 1 0 0 1 1 0 1 1 1 1 1 1 1 1 1 0 1 0 1 1 1 0 0 0 0
478 40 9644  1 1 1 1 1 1 1 1 1 1 1 1 1 1 1 1 1 1 1 1 1 1 1 1 1 1 1 1 1 1 1 1 1 1 1 1 1 1 1 1
479 40 10117  1 1 1 1 1 1 1 1 1 1 1 1 1 1 0 0 1 1 1 1 1 0 1 1 1 1 0 1 1 0 1 0 1 1 1 1 1 1 1 1
480 40 8748  1 1 0 1 1 1 1 0 0 1 1 1 1 0 1 1 1 1 1 0 1 1 1 1 1 0 1 1 0 1 1 1 1 1 0 1 1 1 1 0
481 40 9006  0 1 0 1 0 1 1 1 1 0 0 1 0 0 0 1 1 1 0 1 0 0 1 0 1 1 1 1 1 1 1 1 1 1 1 1 1 1 0 1
482 40 8258  1 1 1 0 1 1 1 1 1 1 0 1 1 1 1 1 1 1 1 1 1 0 1 1 0 1 1 1 1 1 1 0 1 1 1 1 0 1 1 1
483 40 9081  0 0 0 1 1 1 1 1 1 1 1 1 1 0 1 1 0 1 0 1 1 1 1 1 0 1 1 1 1 1 1 1 1 1 1 0 0 1 1 1
484 40 9188  0 1 1 1 1 1 1 1 1 1 1 1 1 1 1 1 1 1 1 0 1 1 1 1 1 1 1 1 1 1 0 1 1 1 1 1 1 1 1 1
485 40 5759  0 0 0 1 0 1 0 1 1 0 1 0 0 0 0 0 1 1 1 1 1 1 0 0 1 0 0 0 1 1 1 1 0 0 0 1 0 0 1 0
486 40 9497  1 1 1 1 1 1 1 0 1 1 1 1 1 1 1 1 1 0 1 1 1 1 1 1 1 1 1 0 1 1 1 1 1 1 0 1 1 1 1 1
487 40 9291  1 1 1 0 0 1 1 0 1 1 1 1 0 1 1 0 1 0 1 1 1 1 1 0 1 0 1 1 1 1 0 1 1 1 0 1 1 1 1 0
488 40 9492  1 1 1 1 1 1 1 0 1 0 1 1 1 1 0 0 1 1 1 1 1 0 1 1 1 1 1 1 1 1 1 1 1 0 1 1 0 0 0 0
489 40 1726  0 0 0 1 0 0 0 0 0 0 0 0 0 0 0 0 0 0 0 0 0 0 1 0 0 0 0 0 0 0 1 0 1 0 0 0 0 1 1 0
490 40 7387  1 1 0 1 1 0 0 1 1 0 1 1 0 1 1 1 0 0 0 0 1 0 1 1 1 1 1 1 0 0 1 0 1 1 1 1 1 0 0 1
491 40 9617  1 1 0 1 1 1 1 1 1 1 0 0 1 1 1 1 1 1 1 1 1 1 1 1 1 1 1 1 0 0 1 1 1 1 1 1 0 0 0 1
492 40 10103  1 1 1 1 0 1 1 1 1 1 0 1 1 1 1 0 0 1 1 1 1 1 1 0 0 1 0 1 1 1 1 1 0 1 1 1 1 1 1 0
493 40 9259  1 1 0 0 1 1 1 0 1 1 1 0 0 1 1 1 1 1 0 1 0 1 1 1 1 1 1 1 1 0 1 1 0 1 0 1 1 1 1 1
494 40 1615  0 1 0 0 0 0 0 0 0 0 0 0 0 0 0 0 0 0 0 0 0 0 0 0 0 0 1 0 0 1 0 1 0 1 0 0 0 0 0 0
495 40 6598  1 1 1 1 0 1 0 0 0 0 1 0 1 0 1 0 1 1 0 0 0 0 1 0 0 1 0 0 1 0 1 0 0 0 1 1 1 0 1 1
496 40 8926  1 1 1 1 1 1 1 1 1 1 1 1 1 1 1 1 1 1 1 1 1 1 1 1 1 1 1 1 1 1 1 1 1 1 1 1 1 1 1 1
497 40 5249  0 1 1 0 0 0 0 0 0 1 1 0 1 1 1 1 0 1 0 0 1 0 0 0 1 0 0 1 0 1 1 0 0 1 1 1 1 1 0 0
498 40 9440  1 1 1 1 1 1 1 1 1 1 1 1 1 1 1 1 1 1 1 1 1 1 1 1 1 1 1 0 1 1 1 1 1 1 1 0 0 1 1 1
499 40 4557  0 1 0 0 0 1 1 1 0 1 1 0 0 0 1 0 0 0 1 1 0 0 1 0 1 0 1 0 0 1 0 0 0 1 0 0 0 0 1 0
