0 25 1650  0 0 0 0 1 1 0 0 0 0 0 0 1 1 0 0 0 1 0 0 0 0 1 0 0
1 25 3351  0 1 1 1 0 1 0 1 0 1 0 1 0 0 0 1 0 1 0 0 0 0 0 0 0
2 25 6031  1 0 1 0 1 1 1 1 0 1 1 1 1 1 1 1 1 0 1 1 1 0 1 1 0
3 25 4342  0 1 0 1 1 1 0 1 0 0 0 1 0 0 0 1 1 1 1 0 1 0 0 0 1
4 25 4884  1 1 1 1 0 1 0 0 1 1 1 0 0 1 1 0 0 0 1 1 1 1 1 1 1
5 25 3122  1 0 0 0 1 0 1 0 0 0 0 1 0 1 1 0 1 0 1 1 1 0 0 0 0
6 25 6800  1 1 1 0 1 1 0 1 1 1 1 0 1 0 1 1 1 1 1 1 1 1 1 1 1
7 25 3449  1 0 0 0 1 0 0 0 1 0 0 0 1 1 1 1 1 1 0 0 0 0 0 0 1
8 25 3658  1 0 0 0 0 1 1 1 0 1 1 0 1 0 1 1 1 1 0 1 0 1 1 1 0
9 25 1586  0 0 0 0 0 1 0 0 0 0 0 1 0 0 0 0 1 0 0 0 0 0 0 1 0
10 25 6844  1 1 1 1 1 1 1 0 1 1 1 1 1 1 1 0 1 1 1 0 1 1 1 0 1
11 25 6752  1 1 1 1 1 0 0 1 1 1 1 0 1 1 1 1 1 1 1 0 0 1 1 1 1
12 25 2927  0 0 0 1 1 0 1 1 1 1 0 0 1 1 1 1 0 0 0 1 0 0 0 0 0
13 25 3834  1 1 1 1 1 1 1 0 1 1 1 0 0 1 1 0 0 1 1 1 0 0 1 0 1
14 25 5301  0 0 1 1 1 1 1 1 1 1 0 1 1 0 1 1 0 1 1 1 1 1 1 1 1
15 25 5159  1 1 1 1 1 1 1 1 1 1 1 1 1 1 1 1 1 1 1 1 1 1 1 1 1
16 25 5792  1 1 1 0 0 0 1 1 1 1 1 1 1 0 1 1 1 1 0 0 1 1 1 1 1
17 25 4229  1 1 0 1 0 0 0 0 0 0 1 0 0 1 1 0 1 0 0 1 1 1 1 1 0
18 25 2774  1 0 1 0 0 0 1 0 1 0 1 0 0 0 1 0 0 0 1 0 1 0 0 0 0
19 25 5710  1 1 1 1 1 1 1 1 1 1 1 1 1 1 1 1 1 1 1 1 1 0 1 1 1
20 25 4445  1 0 1 1 1 0 1 0 1 0 0 0 1 0 1 0 1 1 1 0 1 1 1 0 0
21 25 6628  1 0 1 1 0 1 1 0 1 1 0 1 1 1 1 1 1 1 1 1 1 1 1 1 1
22 25 6205  1 1 1 1 1 1 1 1 1 1 1 1 1 1 1 1 1 1 1 1 1 1 1 1 1
23 25 4935  1 1 0 1 1 1 1 1 0 0 1 1 0 1 0 1 0 0 1 1 1 1 1 1 1
24 25 7317  1 1 0 1 0 1 1 1 1 1 1 1 1 1 1 1 1 0 1 1 1 1 1 1 1
25 25 5613  0 1 1 1 1 1 0 0 1 0 1 1 1 1 0 0 1 1 1 1 1 1 1 1 1
26 25 4338  0 0 1 0 1 1 0 1 1 0 0 1 0 0 0 0 1 1 0 1 1 1 1 1 0
27 25 6895  1 1 1 1 1 1 1 1 1 1 1 1 1 1 1 1 1 1 1 0 1 1 1 1 1
28 25 5143  1 1 0 1 1 1 1 0 0 1 0 1 1 1 1 1 0 0 0 0 1 1 0 1 0
29 25 4757  1 0 1 0 1 1 1 1 1 1 1 1 1 1 1 1 1 1 1 1 1 1 1 1 1
30 25 4729  1 1 1 1 1 1 1 1 1 1 1 1 1 1 1 1 1 1 1 1 1 1 1 1 1
31 25 6570  1 1 1 1 0 1 1 1 0 1 0 1 1 1 1 1 1 1 1 1 1 1 1 1 1
32 25 2970  0 0 1 0 1 0 0 1 0 0 1 0 1 0 0 1 0 0 0 0 1 0 0 1 0
33 25 5118  1 1 1 1 0 0 0 1 1 1 0 1 1 1 0 1 1 1 1 1 1 0 0 0 1
34 25 6472  1 1 1 1 1 1 1 1 1 1 1 1 1 1 1 1 1 1 1 1 1 1 1 1 0
35 25 5466  1 0 1 1 1 1 1 1 1 1 1 1 1 0 0 1 1 0 1 1 1 1 1 1 0
36 25 4461  1 1 1 0 1 0 1 0 1 0 1 1 1 0 0 0 1 0 1 1 1 0 1 0 1
37 25 5039  1 1 1 1 1 1 1 1 0 0 1 1 1 1 1 1 1 1 1 1 0 1 1 0 1
38 25 2561  1 1 0 0 1 0 0 0 0 0 0 0 0 1 0 0 1 0 0 0 1 0 0 1 0
39 25 3983  1 1 0 1 1 1 1 0 1 1 0 0 0 1 1 1 0 0 0 0 1 1 1 0 1
40 25 3247  0 0 0 1 0 1 1 0 0 1 1 0 0 1 1 0 1 0 0 0 1 1 1 1 0
41 25 5037  0 1 0 1 1 0 0 1 0 1 0 1 1 1 1 1 1 0 1 1 1 1 1 1 1
42 25 4543  1 1 0 0 0 1 0 0 0 1 0 1 0 1 1 1 1 0 0 1 1 1 1 1 1
43 25 5847  1 1 1 1 0 1 1 1 1 0 0 1 0 1 1 0 1 1 1 1 1 1 1 1 1
44 25 880  1 0 0 0 0 0 0 0 0 0 1 0 0 0 0 0 0 0 0 0 1 0 0 0 0
45 25 6561  1 1 1 1 1 1 1 1 1 0 1 0 1 1 1 1 1 1 0 1 1 1 1 1 1
46 25 4093  1 1 1 1 1 0 0 1 1 0 0 1 1 0 1 1 1 0 1 1 0 1 0 1 0
47 25 3510  0 0 0 1 0 0 1 1 0 0 1 0 0 1 1 0 1 1 0 0 1 1 1 0 0
48 25 2188  0 1 0 1 1 0 1 0 0 0 1 1 0 1 0 1 0 0 0 0 0 0 0 0 0
49 25 6517  1 1 1 1 1 1 1 1 1 1 1 1 1 1 1 1 1 1 1 0 1 1 1 1 1
50 25 4826  1 0 1 1 0 1 0 1 1 1 0 1 0 1 1 0 1 0 0 1 0 1 1 1 0
51 25 5747  1 0 1 0 0 1 1 0 1 0 0 1 1 1 1 0 1 1 1 1 1 1 1 1 1
52 25 2198  1 1 0 0 0 1 0 1 0 1 0 0 0 0 0 0 0 0 1 0 1 0 0 0 0
53 25 4216  1 0 0 1 0 1 1 0 1 0 1 1 1 0 0 0 0 1 1 1 0 1 0 0 0
54 25 6276  1 0 1 0 1 1 1 1 0 1 1 1 1 1 0 0 1 1 1 1 1 0 1 1 1
55 25 5862  1 1 1 1 1 1 1 1 1 0 0 1 1 1 1 1 1 1 1 1 1 1 1 1 1
56 25 1554  0 1 0 0 0 0 0 1 0 0 0 0 0 0 1 0 0 0 1 0 0 0 0 1 0
57 25 5494  1 1 1 1 0 0 0 1 1 1 1 1 1 1 1 1 0 1 1 1 1 0 1 1 1
58 25 3867  0 1 0 0 0 1 1 1 0 1 1 1 0 0 1 0 1 1 0 0 0 0 0 0 1
59 25 3284  1 1 0 0 0 0 0 1 1 1 0 0 0 0 1 1 0 1 1 1 0 0 1 0 0
60 25 6013  0 1 1 1 0 1 1 1 0 1 1 1 1 1 0 1 1 0 1 1 1 1 1 1 1
61 25 5798  1 1 1 1 0 1 1 1 1 0 1 0 1 1 1 1 0 1 0 1 1 1 1 1 1
62 25 5807  1 1 1 1 1 1 1 1 1 0 1 1 1 1 1 1 1 1 1 1 1 1 1 1 1
63 25 682  1 0 0 0 0 1 0 0 0 0 0 0 0 0 0 0 0 0 0 0 0 0 0 0 0
64 25 6470  1 0 1 0 1 1 1 1 1 0 1 1 1 1 1 1 1 1 1 1 1 1 1 1 0
65 25 3499  1 0 1 0 0 1 1 0 0 0 0 0 0 0 0 1 1 0 1 1 0 1 0 1 0
66 25 6000  1 1 1 1 1 1 1 1 1 1 1 1 1 1 1 1 1 1 1 1 1 1 1 1 1
67 25 8364  1 1 1 1 1 1 1 1 1 1 1 1 1 1 1 1 1 1 1 1 1 1 1 1 1
68 25 4487  1 1 0 1 0 0 0 0 0 1 1 0 1 1 1 1 1 0 0 1 0 0 1 1 1
69 25 4647  0 1 0 1 0 1 0 1 1 1 1 1 0 1 1 0 1 0 1 1 0 1 1 0 1
70 25 6413  1 1 1 1 1 1 1 1 1 1 1 1 1 1 1 1 1 0 1 1 1 1 1 1 1
71 25 996  0 1 0 0 0 0 0 0 0 1 0 0 0 0 1 0 0 0 0 0 1 0 0 0 0
72 25 6064  1 1 1 1 1 1 1 1 0 1 1 1 1 1 0 1 0 1 1 1 1 0 1 1 0
73 25 4064  1 1 0 1 0 0 0 1 0 1 0 1 1 0 0 0 0 0 1 1 0 1 1 0 1
74 25 6754  1 1 1 1 1 1 1 1 1 1 1 1 1 1 1 1 1 1 1 1 1 1 1 1 1
75 25 5505  1 1 1 1 1 0 0 1 1 1 1 1 0 0 0 1 0 0 0 1 1 1 1 0 1
76 25 5912  1 0 1 1 1 1 1 1 1 1 1 0 1 1 1 1 0 1 1 1 1 1 1 1 1
77 25 5048  1 1 0 0 1 1 0 1 1 0 1 1 0 1 1 0 1 1 1 1 0 1 1 1 0
78 25 2316  0 1 0 0 0 0 0 0 0 0 0 1 0 1 0 0 0 1 0 0 1 1 0 0 0
79 25 4703  1 1 1 1 1 1 0 1 1 1 1 1 1 1 1 1 1 1 1 1 1 1 1 1 1
80 25 2646  1 0 0 1 0 1 0 0 1 0 1 0 1 0 0 1 1 0 0 0 1 0 0 1 0
81 25 5363  0 1 1 0 1 1 1 0 1 0 1 1 0 1 1 1 0 0 0 1 1 1 0 1 1
82 25 1710  1 0 0 1 0 0 0 0 0 0 0 1 0 1 0 0 0 0 0 0 0 0 1 0 0
83 25 3167  1 0 0 1 1 0 0 0 0 0 0 0 0 0 1 0 1 1 0 0 0 1 0 0 1
84 25 5544  1 1 1 1 1 1 1 0 0 0 1 1 1 1 1 1 1 0 1 1 1 1 1 1 1
85 25 4993  1 1 1 1 1 1 1 1 0 1 0 1 1 1 1 0 1 1 1 0 0 0 1 1 1
86 25 5096  1 1 0 1 1 1 1 1 1 0 0 1 1 0 1 1 1 1 0 0 1 1 0 1 1
87 25 5361  1 1 0 1 1 1 1 1 1 1 1 1 1 1 1 1 0 1 1 1 1 1 0 0 1
88 25 4423  1 0 1 0 0 0 0 0 1 1 1 0 1 1 1 0 0 1 1 0 1 0 1 0 0
89 25 2235  1 0 0 0 0 1 0 0 0 1 0 1 1 0 0 0 0 0 0 1 0 0 0 1 0
90 25 7196  1 1 1 1 1 1 1 1 1 1 1 1 1 1 1 1 1 1 1 1 1 1 1 1 1
91 25 6178  1 1 1 1 1 1 1 1 1 1 1 1 0 1 1 1 1 1 1 1 0 1 0 1 1
92 25 6286  1 1 1 1 1 1 1 0 1 0 1 1 1 1 1 1 1 1 1 1 1 1 1 1 1
93 25 4345  1 1 1 0 1 1 1 1 0 1 1 1 1 1 0 1 0 1 1 1 1 1 0 1 1
94 25 4878  0 0 1 1 1 1 0 0 1 0 0 1 1 1 1 0 0 1 0 0 1 1 1 0 1
95 25 2203  0 0 0 0 1 0 1 0 0 1 0 1 0 0 0 0 1 0 0 0 1 0 0 0 0
96 25 1617  0 0 1 0 0 0 0 1 1 0 0 0 0 0 0 0 1 0 0 0 1 0 0 0 0
97 25 6028  1 1 1 1 1 1 1 1 1 1 1 1 1 1 1 1 1 1 0 1 1 1 1 1 1
98 25 6537  1 1 1 1 1 1 1 1 1 0 1 1 1 1 1 1 1 1 1 1 1 1 1 1 1
99 25 2511  0 0 0 1 0 0 1 0 0 0 1 0 0 0 0 1 0 0 1 1 0 0 0 1 0
100 25 5600  1 0 1 0 0 1 1 1 1 1 1 0 1 1 1 0 1 1 1 1 1 1 0 1 0
101 25 5935  1 1 1 1 1 1 1 1 1 0 1 1 1 1 1 1 1 0 1 0 1 0 1 1 1
102 25 2122  0 0 1 1 1 0 0 0 1 0 1 0 0 0 0 0 0 0 1 0 0 1 0 0 0
103 25 2524  0 0 1 1 0 0 0 0 0 0 0 0 0 0 0 0 0 0 0 1 1 0 1 1 1
104 25 5051  1 1 0 1 1 1 0 1 0 1 1 1 0 1 0 1 1 0 0 1 1 1 0 1 0
105 25 4053  0 1 1 0 0 0 1 1 0 0 0 1 1 0 1 1 0 1 0 0 0 1 0 1 1
106 25 2681  1 0 0 1 1 1 0 0 1 0 0 0 1 0 0 0 1 0 0 0 0 0 0 0 0
107 25 897  0 0 1 0 0 0 0 0 0 1 1 0 0 0 0 1 0 0 0 0 0 0 0 0 0
108 25 5510  1 1 0 1 1 1 1 1 1 1 0 1 0 1 0 1 0 1 1 1 1 1 1 1 1
109 25 1400  0 0 0 0 1 0 1 0 0 0 0 0 0 0 0 1 0 0 1 0 0 0 0 0 0
110 25 3307  0 1 0 1 1 0 0 0 0 1 0 1 0 0 1 1 0 1 0 0 0 0 0 1 0
111 25 3589  1 0 1 0 1 1 0 1 0 0 1 1 1 0 0 0 0 1 1 0 1 0 1 0 0
112 25 5267  1 1 1 1 1 1 1 1 1 0 1 0 1 1 0 0 1 1 1 1 1 0 0 0 1
113 25 5541  1 1 1 1 1 1 1 1 1 1 1 1 1 0 1 1 1 1 1 1 1 1 1 1 1
114 25 3583  0 0 0 1 0 1 1 0 1 1 1 1 1 0 1 0 1 0 0 0 0 0 0 1 0
115 25 4511  1 1 1 1 0 1 1 0 1 1 0 1 0 0 1 1 0 1 0 0 1 1 0 0 0
116 25 3942  1 1 1 0 0 0 0 0 1 0 0 1 0 1 1 1 0 1 1 0 0 1 1 0 0
117 25 3045  0 1 1 0 1 0 0 0 0 0 1 0 0 1 0 0 0 1 1 0 0 0 0 0 0
118 25 3694  1 0 0 1 0 1 0 1 1 0 0 0 0 1 0 0 0 1 1 1 1 0 1 0 0
119 25 3880  0 0 0 0 1 0 0 1 1 0 1 0 0 1 1 1 0 1 0 1 0 1 1 1 0
120 25 3288  1 1 0 1 1 1 0 0 0 0 1 0 0 0 1 1 0 0 1 1 1 0 0 0 0
121 25 3417  0 0 0 1 1 0 0 1 0 0 0 1 0 0 0 1 1 0 0 1 1 1 0 1 0
122 25 5632  1 1 0 1 1 1 1 1 1 1 1 1 1 0 1 1 1 1 1 1 1 1 1 1 0
123 25 4379  0 1 1 0 1 1 0 0 1 1 0 0 1 0 1 0 0 1 1 1 1 1 0 0 1
124 25 1497  0 0 0 1 1 0 0 0 1 0 0 0 0 1 0 0 0 0 0 0 0 0 0 0 0
125 25 4538  1 1 1 1 1 1 0 1 0 1 0 1 0 1 1 1 1 1 1 0 0 1 1 0 0
126 25 4844  0 1 0 1 1 0 1 1 1 0 1 0 1 1 1 1 0 0 1 0 1 1 1 1 0
127 25 4138  0 0 1 0 0 0 0 0 0 0 1 1 1 1 1 1 1 0 0 1 0 0 1 1 1
128 25 2314  1 1 0 0 1 0 0 1 1 0 0 1 0 0 0 0 1 0 1 0 0 0 0 0 1
129 25 4957  1 1 1 0 1 1 1 1 1 1 1 1 1 0 1 1 0 0 1 1 1 1 1 1 1
130 25 4918  1 1 1 1 0 0 1 0 1 0 0 1 0 0 1 1 1 0 1 0 1 1 1 0 0
131 25 5445  1 1 1 1 1 1 1 1 1 1 1 1 1 1 1 0 1 1 1 1 1 1 1 0 0
132 25 6192  1 1 1 1 1 1 1 1 1 1 1 1 1 1 1 1 1 1 1 1 1 1 1 1 1
133 25 2244  0 1 0 0 1 0 0 0 0 0 0 1 1 0 1 0 0 1 0 1 0 0 1 0 0
134 25 5038  1 1 1 0 0 1 1 0 1 0 1 0 1 1 0 1 1 0 1 0 1 0 1 1 1
135 25 2549  1 0 0 0 0 0 1 0 1 0 0 0 0 0 1 1 0 0 0 0 1 0 1 0 0
136 25 5893  1 1 1 1 1 1 1 1 1 1 1 1 1 1 1 1 1 1 1 1 1 1 1 1 1
137 25 5864  1 1 1 1 0 1 0 1 1 1 0 1 1 1 1 0 1 1 1 1 0 1 1 1 0
138 25 4179  1 1 1 0 1 1 0 1 1 0 1 1 0 0 1 0 1 1 1 1 0 0 1 1 1
139 25 2508  0 0 1 0 0 0 0 1 0 0 1 0 1 0 0 0 0 0 1 0 1 1 0 0 1
140 25 2716  0 1 0 1 1 1 0 0 0 1 0 0 0 0 0 0 1 1 0 0 0 0 0 1 0
141 25 5222  1 1 1 0 0 1 1 0 0 0 1 0 0 1 1 1 0 1 1 1 0 1 0 1 1
142 25 5709  1 1 1 1 0 0 1 1 1 1 1 1 1 1 1 1 1 0 1 1 0 1 1 1 1
143 25 5404  1 0 1 1 1 1 0 0 1 1 1 1 1 1 1 1 1 1 0 1 1 1 1 0 1
144 25 4709  0 1 1 0 0 0 0 0 1 1 0 0 0 1 0 0 1 1 1 1 1 1 1 1 1
145 25 1294  0 0 0 1 0 0 0 0 0 0 0 1 1 0 0 0 0 0 0 0 0 0 0 1 0
146 25 4033  0 0 1 1 0 0 0 1 0 1 1 0 0 1 1 0 0 1 1 1 1 0 1 1 0
147 25 7696  1 1 1 1 1 1 1 1 1 1 1 1 1 1 1 1 1 1 0 1 1 1 1 1 0
148 25 6979  1 1 1 1 1 1 0 1 1 1 1 1 1 0 1 1 1 1 1 1 1 0 1 0 1
149 25 4235  1 1 0 1 0 0 1 1 1 1 1 1 0 1 0 1 0 1 0 0 0 0 1 1 0
150 25 5207  0 1 0 1 1 1 1 1 1 0 1 0 0 1 0 0 1 0 1 1 1 0 1 0 1
151 25 1065  0 0 0 0 1 0 1 0 0 0 0 1 0 0 0 1 0 0 0 0 0 0 0 0 0
152 25 5492  1 1 1 1 1 1 1 1 1 1 1 1 1 1 1 1 1 1 1 1 1 1 1 1 1
153 25 6551  1 0 1 1 1 1 1 1 1 1 1 1 1 0 1 1 0 0 1 1 0 0 1 1 1
154 25 6412  1 1 1 1 0 1 1 1 1 1 1 1 1 1 0 0 1 1 1 1 1 0 1 1 1
155 25 6295  1 1 1 1 1 1 1 1 1 1 1 1 1 1 1 1 1 1 1 1 1 1 1 1 1
156 25 5518  1 1 1 1 1 1 1 1 1 1 1 1 1 1 1 1 1 1 1 1 1 0 1 0 1
157 25 1417  0 0 0 0 0 0 0 1 0 0 1 0 0 0 1 0 1 0 0 0 1 0 0 0 0
158 25 7314  0 1 1 0 1 0 1 1 1 1 1 1 1 1 1 1 1 0 1 0 0 1 1 1 1
159 25 6692  1 1 1 1 1 1 1 0 0 1 1 1 1 1 1 1 1 0 1 1 1 1 1 1 1
160 25 1973  0 0 0 0 0 1 0 0 0 0 1 0 0 1 0 0 0 1 0 1 0 0 1 1 0
161 25 6278  1 1 1 1 1 1 1 1 1 1 1 1 1 1 1 1 1 1 1 1 1 1 1 1 1
162 25 5378  0 1 1 0 1 1 0 1 1 1 1 0 0 1 1 1 0 1 1 1 0 1 1 1 0
163 25 5625  0 1 1 1 1 1 0 0 0 0 0 1 0 1 1 1 0 1 1 1 0 1 1 0 0
164 25 2285  0 0 1 0 0 0 0 1 0 0 0 0 0 1 0 1 1 1 0 0 1 0 0 1 0
165 25 6150  0 1 1 1 1 1 1 1 0 0 1 1 1 1 1 1 1 1 1 1 1 1 1 0 1
166 25 4023  1 1 0 1 1 0 0 0 0 1 1 1 0 1 0 1 0 1 1 0 0 1 0 0 0
167 25 1593  0 0 0 0 0 1 0 1 0 1 0 1 0 1 0 0 0 0 0 1 0 0 0 0 0
168 25 1946  0 1 0 0 0 0 0 0 0 1 0 0 0 0 0 0 0 0 0 1 0 1 0 1 0
169 25 5179  1 1 1 1 1 1 1 1 1 1 1 1 1 1 1 1 1 1 1 1 1 1 1 1 1
170 25 5309  0 0 1 0 1 1 0 1 0 1 1 1 0 1 0 1 1 1 1 1 0 1 0 1 0
171 25 3122  1 0 0 1 0 1 0 1 0 1 0 0 0 1 0 0 1 0 1 1 0 1 1 0 1
172 25 6026  1 1 1 1 1 0 1 1 1 0 1 1 0 1 1 1 1 1 0 1 1 0 1 0 1
173 25 5107  0 1 0 1 1 0 1 1 1 1 1 1 0 1 1 0 1 1 1 1 0 1 1 0 1
174 25 5181  1 0 0 1 1 0 1 1 1 1 1 1 0 0 1 1 1 0 0 1 0 0 0 1 0
175 25 4303  1 1 1 1 1 0 1 1 0 1 1 0 1 0 0 0 1 0 0 1 0 1 0 0 0
176 25 7065  1 1 1 1 1 1 1 0 1 1 1 1 1 1 1 1 0 1 1 1 1 1 0 1 1
177 25 6557  1 1 1 1 1 0 1 1 1 1 1 1 1 1 1 1 1 0 1 0 1 1 1 0 1
178 25 5251  1 1 1 1 0 1 1 1 0 0 1 0 1 1 1 1 1 1 1 1 0 1 1 0 1
179 25 5961  1 0 1 1 1 0 1 0 1 1 1 1 1 1 0 1 0 1 1 1 1 1 1 0 1
180 25 5142  0 1 1 0 0 1 1 1 1 0 1 1 0 1 0 1 0 0 0 0 1 0 0 1 1
181 25 4668  0 0 1 1 0 1 1 0 0 1 1 1 1 1 1 1 1 1 1 1 0 0 0 1 1
182 25 4813  1 1 1 1 1 1 0 1 0 1 1 0 1 0 0 1 0 0 0 0 1 0 0 1 0
183 25 6699  1 1 1 0 1 1 1 1 1 0 1 1 1 0 1 0 1 0 1 1 1 0 1 0 1
184 25 2593  0 0 1 1 1 1 0 1 0 0 1 1 0 0 0 0 0 1 0 0 0 0 0 1 0
185 25 4976  1 1 1 0 0 0 1 1 1 0 0 1 1 1 1 1 0 1 1 0 0 1 0 1 1
186 25 6868  1 1 1 1 1 1 1 1 1 1 1 1 1 1 1 1 1 1 1 1 1 1 1 1 1
187 25 1032  0 0 1 0 0 0 1 0 0 0 0 1 0 0 0 0 0 0 0 0 0 0 0 0 0
188 25 5283  1 1 0 1 1 1 1 1 1 1 1 1 1 1 1 1 1 0 1 1 1 1 0 1 1
189 25 2956  0 0 0 0 0 0 0 0 1 0 1 1 0 1 1 0 1 0 1 0 1 0 0 0 0
190 25 2763  1 0 0 1 1 1 1 0 1 0 0 0 0 0 0 0 1 0 0 0 1 0 0 0 1
191 25 6194  0 1 1 1 0 1 1 1 1 0 1 0 1 1 1 1 0 0 1 1 1 1 0 1 0
192 25 5335  1 0 0 1 1 1 1 1 0 1 0 1 0 0 1 1 1 0 1 1 0 1 1 1 1
193 25 4933  1 1 0 0 0 0 1 1 0 1 1 1 1 1 1 1 1 0 0 1 0 1 1 1 1
194 25 3347  0 0 1 0 1 0 1 0 0 0 1 1 0 1 0 0 1 1 1 1 1 0 0 1 0
195 25 6130  1 0 0 1 1 1 0 1 1 1 1 1 1 1 1 1 0 1 0 1 0 0 1 1 1
196 25 4563  1 0 1 1 1 1 1 0 1 1 1 1 1 1 1 0 1 1 1 0 1 1 1 1 1
197 25 5440  1 1 1 1 0 0 1 1 1 0 1 1 1 1 0 0 0 0 0 1 1 1 1 1 1
198 25 4986  1 1 1 1 1 1 1 0 1 1 1 1 1 0 1 1 1 1 1 0 1 1 1 1 1
199 25 5534  1 0 1 1 1 1 1 0 1 1 1 0 1 1 1 0 1 1 0 1 1 1 1 1 1
200 25 2392  0 1 0 0 0 0 1 0 1 0 0 0 0 0 0 1 0 1 0 0 0 0 0 0 1
201 25 4252  1 1 1 0 0 1 0 1 1 0 0 0 1 1 1 0 1 1 0 0 1 1 0 1 0
202 25 6844  1 1 1 1 1 1 1 1 1 1 1 1 1 1 1 1 1 1 0 1 1 1 1 1 1
203 25 5792  1 1 0 1 1 0 1 1 1 0 0 1 1 1 1 0 1 1 1 1 1 1 1 1 0
204 25 5066  1 1 1 1 1 0 1 1 1 0 0 1 0 1 0 1 1 0 0 1 0 1 0 1 1
205 25 5841  1 1 1 1 1 1 1 1 1 1 1 0 1 1 1 1 1 0 1 1 1 1 0 1 1
206 25 4855  0 1 1 0 0 1 0 1 0 0 1 0 0 1 1 1 1 0 0 1 1 0 1 1 1
207 25 5040  0 1 0 1 0 1 1 1 1 1 1 1 0 0 1 1 1 0 1 0 1 1 0 0 0
208 25 5716  0 1 1 1 1 0 1 0 1 0 1 1 0 1 1 1 0 1 1 1 1 1 0 1 1
209 25 6173  0 0 1 1 1 1 0 1 1 1 0 1 1 1 0 1 1 1 1 1 1 1 1 1 1
210 25 1330  0 0 1 0 1 0 0 0 1 0 0 0 1 0 0 0 0 0 0 0 0 0 0 0 0
211 25 6748  1 1 1 1 1 1 1 0 1 1 1 1 0 1 1 1 1 1 1 1 1 1 1 1 1
212 25 6018  1 0 1 0 1 0 1 1 1 1 1 1 1 1 0 1 1 1 1 1 1 1 0 1 1
213 25 7039  1 1 1 1 1 1 1 1 1 1 1 1 1 1 1 1 1 1 1 1 1 1 1 1 1
214 25 5203  1 0 1 0 1 1 0 1 1 0 0 0 1 1 1 1 1 1 0 1 1 1 1 1 0
215 25 5091  1 1 1 0 1 1 1 0 0 1 1 1 1 1 0 0 1 1 1 0 1 1 0 1 0
216 25 6843  1 1 1 1 1 1 1 1 1 1 1 1 1 1 1 1 1 1 1 1 1 1 1 1 1
217 25 3286  0 0 0 1 1 0 0 0 1 0 0 1 0 1 0 1 1 0 0 1 1 1 1 0 0
218 25 5705  1 1 1 1 1 0 1 1 1 1 1 0 1 1 1 1 0 1 1 1 1 0 1 1 0
219 25 4342  0 0 0 0 1 1 0 1 1 1 0 1 1 0 0 1 0 0 1 1 1 1 0 0 1
220 25 5501  1 1 1 1 1 0 1 1 1 1 0 1 1 1 1 1 0 1 1 1 1 0 0 1 1
221 25 5792  1 1 1 1 1 1 1 1 1 0 1 1 1 0 1 1 0 0 1 1 1 1 0 1 0
222 25 4104  0 1 0 1 0 0 1 0 1 1 1 1 1 1 1 0 1 0 1 1 1 1 1 1 0
223 25 4459  1 1 1 1 1 1 1 1 1 1 1 1 1 1 1 1 1 0 1 1 1 1 1 1 1
224 25 4807  0 1 1 1 0 1 1 0 1 1 1 1 1 0 1 0 0 1 1 1 1 1 1 0 0
225 25 4109  0 0 0 1 1 0 0 0 1 1 1 1 1 1 1 1 0 1 0 0 1 0 0 0 1
226 25 6869  1 1 1 1 1 1 1 1 1 1 1 1 1 1 1 1 1 1 1 1 1 1 1 1 1
227 25 1170  1 0 0 0 0 0 0 0 0 1 0 1 0 1 0 0 0 0 0 0 0 0 0 0 0
228 25 5895  0 1 1 1 0 1 1 1 1 1 1 0 1 0 1 1 0 0 1 1 1 1 1 1 1
229 25 5609  0 1 1 1 1 1 1 1 1 1 1 1 1 1 1 1 1 1 1 1 1 1 1 0 1
230 25 2264  0 0 0 0 0 0 1 0 1 0 0 1 1 0 1 0 1 0 1 0 0 0 0 1 0
231 25 5708  1 1 1 1 1 1 0 1 0 0 1 1 1 0 1 0 1 1 0 1 0 1 0 1 1
232 25 6094  1 1 1 1 1 0 0 1 0 1 1 0 0 1 1 1 1 1 0 0 1 1 1 1 1
233 25 2264  0 0 0 1 0 0 1 0 0 0 1 1 0 0 0 1 1 0 0 0 0 1 0 1 0
234 25 3460  0 0 0 1 0 1 0 1 0 0 1 0 1 0 0 0 0 1 1 1 0 1 0 1 1
235 25 5808  1 1 1 1 1 1 1 1 0 1 1 1 0 1 1 0 1 1 1 1 1 0 1 0 1
236 25 6613  1 1 1 1 1 1 1 1 1 1 1 1 1 1 1 1 1 1 1 1 1 1 1 1 1
237 25 5574  1 1 0 1 0 1 1 1 0 1 0 1 1 0 1 0 1 0 1 0 1 1 1 1 1
238 25 3132  0 0 0 1 0 1 0 0 0 0 0 0 1 0 1 0 1 1 1 1 0 0 0 0 0
239 25 3308  0 1 1 1 0 0 1 0 0 0 0 1 1 0 0 1 0 0 1 0 0 0 1 1 1
240 25 4784  0 1 0 1 1 1 1 1 0 0 1 1 1 0 0 0 1 1 0 0 1 1 1 1 0
241 25 1843  0 0 0 1 1 0 0 1 0 0 0 1 0 0 0 0 0 0 0 0 0 1 0 0 0
242 25 4429  1 0 1 0 0 1 1 0 1 0 1 0 0 1 1 1 0 1 0 1 1 1 1 1 0
243 25 3528  1 1 0 0 0 0 0 0 1 1 1 1 1 1 1 0 1 0 0 1 0 1 0 1 0
244 25 2822  0 1 1 1 0 1 0 0 0 0 0 0 1 0 0 0 0 0 1 1 1 0 0 0 0
245 25 3337  0 0 0 0 1 0 1 0 0 0 0 0 1 1 1 1 1 0 1 1 0 0 0 0 0
246 25 8038  1 1 1 1 1 1 1 1 1 1 1 1 1 1 0 1 1 1 1 1 1 1 1 1 1
247 25 3848  0 0 1 0 1 1 1 0 0 0 0 1 0 1 1 0 1 1 0 1 1 0 1 1 1
248 25 5846  1 1 0 1 1 1 0 1 0 1 1 1 1 1 1 1 1 0 1 1 1 1 0 0 1
249 25 4964  0 1 0 1 0 1 1 1 1 0 1 0 1 1 1 1 0 0 1 0 1 1 0 1 1
250 25 6132  1 1 1 1 1 1 1 1 1 1 1 1 1 1 1 1 1 1 1 1 1 1 1 1 1
251 25 3738  0 1 0 1 1 1 0 0 1 1 1 0 0 1 1 0 0 0 0 1 0 1 1 0 1
252 25 1273  0 0 0 1 0 0 0 0 0 0 1 0 0 0 0 0 0 1 0 0 0 0 1 0 0
253 25 2459  1 0 1 0 0 1 1 0 0 0 0 0 1 0 0 0 0 0 1 1 0 1 0 0 1
254 25 4012  1 0 1 0 0 0 0 0 1 1 1 0 0 1 1 1 1 0 1 0 0 0 0 0 1
255 25 7136  1 1 1 1 1 1 1 1 1 1 0 1 1 1 1 1 1 1 1 1 1 1 1 1 1
256 25 6245  0 1 0 1 0 1 1 1 1 1 1 0 1 1 0 1 1 1 1 0 1 1 1 1 1
257 25 6084  1 1 1 1 1 1 1 1 1 1 1 1 1 1 1 1 1 1 1 1 1 1 1 1 1
258 25 5025  1 1 1 1 1 0 0 0 0 1 1 1 1 0 1 0 0 0 1 1 0 0 1 1 1
259 25 6597  1 1 1 1 1 1 1 1 1 1 1 1 1 1 1 1 1 1 1 1 1 1 1 1 1
260 25 4280  1 1 0 1 0 1 0 1 1 0 1 0 1 0 0 1 1 0 0 0 0 1 0 1 0
261 25 5286  0 1 1 0 1 1 1 0 1 0 0 1 1 0 1 0 1 1 0 1 1 0 1 1 1
262 25 6858  1 1 1 1 1 1 1 1 1 1 1 1 1 1 1 1 1 1 1 1 0 1 1 1 1
263 25 5666  0 1 1 1 1 1 1 1 1 1 1 1 1 1 1 1 1 1 1 1 1 1 1 1 1
264 25 5825  1 1 1 1 1 1 1 1 1 1 0 0 1 1 1 1 1 1 1 1 0 1 1 1 1
265 25 5049  0 1 0 1 1 1 1 0 1 1 1 0 1 1 0 0 1 1 1 1 1 0 1 1 1
266 25 2453  0 1 0 0 0 0 0 0 0 1 1 1 0 0 0 0 0 0 0 1 1 0 1 0 0
267 25 2791  0 0 0 1 0 1 0 0 0 0 1 1 0 1 1 0 0 1 1 1 0 0 0 1 0
268 25 1456  0 1 1 1 0 0 0 0 0 0 0 0 0 0 0 1 1 0 0 0 1 0 0 0 0
269 25 3583  0 0 0 0 1 1 0 1 0 0 0 1 0 1 1 0 1 0 1 1 1 1 1 0 0
270 25 4713  1 0 1 0 1 1 1 1 1 1 1 1 1 1 1 0 0 0 0 1 0 0 1 0 1
271 25 3972  1 1 0 1 0 0 1 1 1 1 1 0 0 0 1 1 1 0 0 1 0 0 1 0 0
272 25 4980  0 1 1 0 1 0 0 1 1 1 0 1 0 1 0 0 1 1 1 1 0 0 1 0 1
273 25 6744  1 1 0 1 1 1 1 1 1 1 1 1 1 1 0 1 1 1 1 1 1 1 1 1 0
274 25 6736  0 0 1 1 1 1 0 1 1 0 1 0 1 1 0 1 1 1 1 1 1 1 1 1 1
275 25 5168  1 1 1 1 1 1 1 1 1 1 1 1 1 1 1 1 1 1 1 1 1 1 1 1 1
276 25 4057  1 1 1 0 0 0 0 0 1 0 0 1 0 1 1 1 1 0 0 1 1 0 0 0 0
277 25 2825  0 1 1 0 0 0 0 1 0 1 1 1 0 0 1 0 0 0 0 1 0 0 0 0 0
278 25 5725  1 1 1 1 1 1 1 1 0 1 1 0 1 1 1 1 1 1 0 1 1 1 1 1 1
279 25 5691  1 0 0 0 0 1 1 0 1 1 1 0 1 1 1 1 1 1 1 1 0 1 0 0 1
280 25 5351  0 0 1 1 1 0 0 1 1 0 0 1 1 1 0 1 1 1 1 1 1 0 1 0 1
281 25 3214  1 0 1 1 0 0 1 0 0 1 1 0 1 1 0 0 1 0 0 1 1 1 1 0 0
282 25 6605  1 1 1 1 1 1 1 1 1 1 1 1 1 1 1 1 1 1 1 1 1 1 1 1 0
283 25 7275  1 1 1 1 1 1 1 0 1 1 1 1 1 0 1 1 1 1 1 1 1 1 1 1 1
284 25 5251  1 1 1 1 1 1 1 1 1 0 1 0 0 1 1 1 0 1 1 1 0 1 1 1 1
285 25 4392  0 1 1 0 0 1 1 0 0 1 1 1 0 0 0 0 1 1 0 1 0 1 0 1 0
286 25 6279  1 1 0 1 1 1 1 0 1 1 1 1 1 1 0 1 0 1 1 1 1 1 1 1 1
287 25 3045  0 0 0 1 0 0 0 0 0 1 0 0 1 1 1 1 0 0 0 1 0 0 0 1 1
288 25 3206  0 1 1 1 0 0 0 0 1 1 0 0 0 0 0 1 0 0 0 1 1 1 0 0 0
289 25 6448  1 1 1 1 0 1 1 1 1 1 1 1 1 1 1 1 1 1 1 1 1 0 1 1 1
290 25 5842  0 1 1 1 0 1 1 1 1 1 0 1 1 1 1 1 1 0 0 1 0 1 1 1 1
291 25 6306  1 1 0 0 1 1 0 1 0 0 1 1 1 1 1 1 1 1 1 1 1 1 0 1 0
292 25 4870  0 0 1 0 0 1 1 1 0 0 1 1 0 1 1 1 0 0 1 1 0 0 1 1 0
293 25 2285  1 0 1 1 0 0 0 0 0 1 1 0 0 1 0 0 0 1 0 0 0 0 0 0 0
294 25 6255  1 1 1 1 1 1 1 1 1 1 1 1 1 1 1 1 1 1 1 1 1 1 1 1 1
295 25 5133  1 1 1 0 1 0 1 1 1 1 0 1 1 0 0 1 0 0 1 0 0 1 0 1 1
296 25 4236  1 1 1 1 1 1 1 1 1 1 1 1 1 0 0 1 1 1 1 1 1 1 1 1 1
297 25 2671  0 1 0 1 0 0 0 0 0 0 0 1 0 1 0 1 1 0 1 0 0 1 0 0 0
298 25 5383  1 1 1 1 0 1 1 1 1 1 1 0 1 1 1 1 1 1 1 1 0 1 1 1 1
299 25 2587  0 1 0 1 0 0 0 0 1 0 1 0 0 0 1 0 0 0 0 1 0 0 0 1 0
300 25 5666  1 1 0 1 1 1 1 1 1 1 1 0 1 0 1 1 1 1 1 1 1 0 0 1 1
301 25 2299  0 0 1 0 0 0 0 0 1 0 0 0 0 1 0 1 0 0 1 0 0 0 0 1 1
302 25 5746  1 1 1 1 0 1 1 1 0 1 0 0 0 1 1 1 1 1 1 0 1 1 1 0 1
303 25 5718  1 0 0 0 1 1 0 1 0 1 0 0 0 1 0 0 1 1 1 0 1 1 1 0 1
304 25 7076  1 1 1 1 1 1 1 1 1 1 1 1 1 1 1 1 1 1 1 1 1 1 1 1 1
305 25 3496  0 0 0 0 1 0 1 1 0 1 0 1 1 0 0 1 1 0 0 0 1 0 0 1 0
306 25 5448  0 1 0 1 1 1 1 1 1 1 1 1 0 0 0 1 1 1 1 0 1 1 1 1 1
307 25 6743  1 1 1 1 1 1 1 1 1 1 1 1 1 1 0 0 0 1 1 1 1 1 1 1 1
308 25 4991  1 1 1 1 1 1 1 1 1 1 1 1 1 1 1 1 1 1 1 1 0 1 0 1 1
309 25 6688  0 1 1 1 1 1 1 1 1 1 1 1 1 1 1 1 1 1 1 1 1 1 1 1 0
310 25 5211  1 0 1 1 1 1 0 1 1 1 1 1 0 1 1 1 1 1 0 1 1 0 1 0 0
311 25 3068  1 0 0 0 1 1 1 0 1 1 1 1 0 0 0 0 1 0 0 0 0 0 0 1 1
312 25 4845  1 0 1 1 1 1 1 0 1 0 0 0 1 1 1 1 1 1 1 1 1 0 1 1 0
313 25 1066  0 0 0 0 0 0 0 0 1 0 0 0 0 0 0 0 0 0 1 0 0 0 0 0 1
314 25 5209  0 1 0 1 1 0 1 1 1 1 1 1 1 1 1 1 0 1 1 1 0 1 0 0 0
315 25 5091  1 1 1 1 1 1 1 1 1 0 1 0 1 1 1 0 1 0 1 1 1 1 1 0 1
316 25 4764  1 1 1 0 0 0 1 1 0 1 0 1 1 0 0 0 1 0 0 1 0 1 1 0 0
317 25 1325  0 0 0 0 0 0 0 0 1 1 0 0 0 0 0 0 0 0 0 1 0 0 0 0 1
318 25 4340  0 0 1 1 1 1 1 0 1 1 1 1 0 0 1 1 0 0 0 1 1 0 1 0 1
319 25 6295  1 1 0 1 1 1 1 1 1 1 1 0 1 1 1 1 1 0 1 0 1 1 1 1 1
320 25 6757  1 1 1 1 1 1 1 0 0 1 0 1 0 1 1 0 1 1 0 1 1 0 1 1 1
321 25 4509  1 1 0 1 0 1 0 1 0 1 0 1 1 1 0 1 0 1 0 1 0 0 1 0 1
322 25 5555  1 1 1 1 1 1 1 1 1 1 1 0 1 1 1 1 1 1 1 1 1 1 1 1 1
323 25 6733  1 1 1 1 1 1 1 1 1 1 1 1 1 1 1 1 1 1 1 1 1 1 1 1 1
324 25 6176  1 1 0 1 1 1 0 1 1 0 1 1 1 1 0 1 1 0 0 1 0 1 0 1 1
325 25 2279  1 1 0 0 0 0 1 0 0 0 0 0 0 0 1 0 0 0 0 0 0 0 1 1 0
326 25 7011  1 1 1 1 1 1 1 1 1 0 0 1 1 0 1 1 1 1 1 1 0 1 1 1 1
327 25 4715  1 1 0 1 0 1 0 0 1 1 1 0 0 1 1 0 0 1 1 1 0 0 1 0 1
328 25 6658  1 1 1 1 1 1 1 1 1 1 1 1 1 1 1 1 1 1 1 1 1 1 1 1 1
329 25 3761  0 1 1 1 1 0 0 0 1 1 0 0 1 0 0 1 1 0 0 0 1 0 0 0 1
330 25 7213  1 1 1 1 1 0 1 1 1 1 1 1 1 1 1 1 1 1 1 1 0 1 1 1 1
331 25 6209  1 1 1 1 1 1 1 1 1 1 1 1 1 1 1 1 1 1 1 1 0 0 1 1 1
332 25 7076  1 1 0 0 1 1 1 1 1 1 1 1 0 1 0 1 0 1 1 1 1 1 1 1 1
333 25 4672  0 1 0 1 1 0 1 1 1 1 0 1 0 1 1 0 1 0 1 0 0 0 0 1 1
334 25 6262  1 1 1 1 1 1 1 1 1 1 1 0 1 1 1 0 1 1 1 1 1 1 1 1 1
335 25 2011  1 0 1 0 1 0 1 0 0 1 0 0 0 0 0 0 0 1 0 0 0 1 0 0 0
336 25 5188  1 1 1 1 0 1 1 0 1 0 1 0 1 1 1 0 1 1 1 0 1 1 1 1 1
337 25 6116  1 0 1 0 1 1 1 1 1 1 0 1 0 0 1 1 1 0 1 1 0 1 0 1 1
338 25 1042  0 0 0 1 0 0 0 1 0 0 0 1 0 0 0 0 0 0 1 0 0 0 0 0 0
339 25 6351  1 1 1 1 1 0 1 1 1 1 0 1 1 1 1 1 1 0 1 1 1 1 0 1 1
340 25 4167  1 1 0 0 0 0 0 1 1 0 1 1 0 1 0 1 1 0 0 1 1 1 1 1 0
341 25 3921  0 0 1 0 1 0 0 0 0 1 0 1 0 1 1 0 1 1 1 0 1 1 0 0 0
342 25 4810  1 1 1 1 0 1 0 1 1 1 1 1 1 0 1 1 1 0 1 0 0 1 1 0 0
343 25 6044  1 1 0 1 1 1 1 1 1 0 0 1 1 1 1 1 1 1 1 1 0 1 1 1 0
344 25 6002  0 1 1 1 1 1 1 0 0 1 1 1 1 1 1 1 0 1 0 1 1 0 1 1 1
345 25 5563  1 1 1 1 0 1 1 1 1 1 1 0 0 1 1 0 1 1 1 1 1 1 1 1 0
346 25 3702  0 1 0 1 1 0 1 1 0 0 1 0 0 0 0 1 1 0 1 1 0 0 0 1 0
347 25 5242  0 0 0 0 1 1 1 1 1 1 1 1 1 1 1 0 0 1 0 1 0 0 0 1 0
348 25 6437  1 0 1 1 1 0 1 1 1 0 1 1 0 1 1 1 1 1 1 1 1 1 1 1 1
349 25 2855  1 0 0 0 0 1 0 0 0 1 0 1 0 0 0 1 0 0 0 1 1 0 1 1 1
350 25 1919  0 0 0 0 0 1 1 1 0 0 0 1 0 0 0 0 1 0 0 1 0 0 1 0 0
351 25 6796  1 1 1 1 1 0 1 1 1 1 1 0 1 1 1 1 1 1 0 1 1 0 1 1 1
352 25 5964  1 1 0 1 1 1 0 0 0 1 0 1 1 1 0 1 1 0 1 0 1 0 1 0 1
353 25 3312  0 0 1 1 1 0 1 0 1 0 1 0 1 0 0 1 0 1 1 1 0 0 0 0 1
354 25 6554  0 1 1 1 1 0 1 1 1 1 1 1 1 1 0 1 1 1 1 1 1 0 1 1 0
355 25 1361  0 0 0 0 1 0 0 1 0 0 0 0 0 0 0 0 0 1 0 0 0 1 0 0 0
356 25 5754  1 1 1 1 0 1 1 1 1 1 1 1 0 1 1 1 1 1 1 1 1 1 1 1 1
357 25 6448  1 0 1 1 1 1 1 0 1 1 0 1 1 1 1 1 0 1 0 1 1 1 1 1 1
358 25 2439  1 0 0 1 0 0 0 1 0 0 0 0 0 1 1 0 0 0 0 0 0 1 0 0 1
359 25 4741  1 1 0 1 1 0 1 1 1 1 1 0 0 0 0 1 1 0 1 1 0 0 0 1 1
360 25 5599  1 1 0 1 1 1 1 1 1 1 1 1 0 1 0 1 1 1 1 1 1 0 1 0 1
361 25 3723  1 1 0 1 1 1 0 0 1 0 1 1 1 0 0 1 0 0 0 0 0 1 0 1 1
362 25 6838  1 1 1 1 0 0 1 1 1 1 0 1 1 1 0 1 1 1 1 0 1 1 1 1 0
363 25 3359  0 0 0 0 1 1 1 1 1 0 0 1 1 1 0 0 0 1 0 0 0 1 1 0 0
364 25 1725  0 1 0 1 0 0 0 0 0 1 0 0 0 0 0 0 0 0 1 0 0 0 1 0 1
365 25 4306  1 1 1 0 1 1 0 1 0 1 0 1 1 1 1 0 0 1 0 1 1 0 1 0 0
366 25 3709  1 0 1 0 0 0 0 0 0 0 1 0 0 0 0 1 1 0 0 0 0 1 1 1 1
367 25 3537  1 0 1 1 1 0 0 0 1 1 0 0 0 1 1 0 0 1 1 0 0 0 0 0 0
368 25 2866  0 1 0 1 0 0 1 0 1 0 0 1 0 0 0 0 0 0 1 1 0 0 0 1 0
369 25 4165  1 0 0 0 1 0 1 0 0 1 1 0 1 1 0 1 0 0 1 1 1 1 1 1 0
370 25 5258  1 1 1 1 1 1 1 1 1 1 1 1 1 1 1 1 1 1 1 1 1 1 1 1 1
371 25 1619  0 0 0 0 0 1 0 0 1 1 0 0 0 1 0 0 0 0 0 0 0 1 1 0 0
372 25 5421  1 1 1 1 1 1 1 1 1 1 1 1 0 1 0 1 1 0 0 1 1 1 1 0 1
373 25 4752  1 0 1 0 0 0 1 1 1 0 0 1 1 0 0 0 1 1 1 1 0 1 1 0 1
374 25 1500  0 0 0 0 0 0 1 1 0 0 0 0 0 1 0 0 0 0 0 0 0 0 0 0 1
375 25 5058  0 1 1 1 1 0 1 1 1 1 0 1 1 1 0 0 1 1 1 0 1 1 1 1 1
376 25 5427  1 1 1 1 1 1 1 1 1 1 0 1 1 1 1 1 1 0 1 0 1 1 0 1 1
377 25 1836  1 0 0 0 1 0 0 0 0 0 0 0 0 0 0 1 0 0 1 0 0 0 0 0 1
378 25 4774  1 1 1 0 0 1 0 0 0 1 1 1 1 1 0 1 1 1 1 0 0 0 1 1 0
379 25 6277  1 0 1 0 1 1 1 1 1 1 1 1 1 1 1 1 1 1 1 1 1 0 1 1 0
380 25 5556  1 1 0 1 0 1 1 1 1 1 0 0 1 1 0 0 1 1 0 1 0 1 1 0 0
381 25 4401  1 1 1 0 1 1 1 0 0 1 1 1 0 0 1 1 1 0 1 1 1 1 0 0 0
382 25 5689  1 1 1 1 1 1 1 1 1 1 1 1 1 0 1 1 1 1 1 1 1 1 1 1 1
383 25 4362  1 1 0 1 0 1 0 1 0 1 0 1 1 0 1 0 1 1 1 1 0 1 1 1 1
384 25 6152  0 0 1 1 1 0 0 1 1 1 1 1 1 1 1 0 0 1 1 1 1 1 1 1 1
385 25 5797  1 1 1 0 1 1 1 0 1 1 1 1 0 1 0 1 1 1 0 0 1 1 1 1 1
386 25 6354  1 1 1 0 0 1 1 1 1 1 1 1 0 1 1 1 1 1 1 1 1 1 1 1 0
387 25 4779  0 0 1 1 1 0 0 0 0 0 1 1 0 1 1 1 1 0 0 0 0 1 1 1 1
388 25 5911  1 1 1 1 0 1 1 1 1 1 1 1 1 1 0 1 1 1 0 1 1 0 1 1 0
389 25 4921  0 0 1 0 0 0 1 1 1 0 1 1 1 1 1 0 0 1 1 1 1 1 1 0 1
390 25 5460  1 1 0 1 1 0 1 0 1 1 0 1 0 1 1 1 1 0 1 0 1 1 1 1 0
391 25 1890  0 0 0 1 0 0 0 0 0 1 0 0 0 1 0 0 0 0 1 0 1 0 0 0 0
392 25 3439  1 0 0 1 0 1 0 1 0 1 0 0 0 0 0 0 1 0 1 1 0 0 0 1 0
393 25 4357  1 0 1 0 1 0 1 1 0 1 1 0 1 1 0 1 1 0 1 1 0 0 1 0 1
394 25 3387  0 0 1 1 0 1 1 0 1 1 1 1 1 1 0 0 1 0 0 1 0 1 0 1 0
395 25 6941  1 1 1 1 1 0 1 0 0 1 1 1 1 1 1 1 1 1 1 1 1 1 1 1 1
396 25 4689  0 1 0 1 0 1 1 1 0 1 1 1 1 1 0 0 0 1 1 1 0 1 0 0 0
397 25 3986  0 0 1 1 0 1 1 1 0 0 0 0 1 0 0 0 0 0 0 1 1 1 1 0 1
398 25 5280  1 1 1 1 1 1 1 1 1 1 1 1 1 1 1 1 1 1 1 1 1 1 1 1 1
399 25 4065  0 1 0 1 1 1 1 1 0 0 0 1 0 0 0 0 0 1 0 0 1 1 0 0 1
400 25 5659  0 1 1 1 1 1 0 1 1 1 1 1 1 0 1 0 0 1 1 1 1 1 0 1 0
401 25 4978  1 1 0 1 1 1 1 0 0 1 1 1 1 0 1 1 1 1 0 1 1 1 1 1 0
402 25 3426  0 1 0 0 0 0 1 1 0 1 1 0 1 0 1 1 0 0 0 0 0 1 1 1 0
403 25 4563  1 0 0 0 1 0 0 1 1 0 0 1 0 0 1 0 1 1 0 0 0 1 1 1 1
404 25 5362  1 1 1 1 1 1 1 1 0 0 1 1 1 1 1 1 0 1 1 1 1 1 1 1 1
405 25 6082  1 1 0 1 1 1 1 1 1 1 1 1 1 1 1 1 1 1 1 1 1 1 1 1 1
406 25 5062  0 1 0 1 1 1 0 0 1 0 1 0 1 1 1 1 0 1 1 1 1 1 0 1 0
407 25 6080  1 1 0 1 1 0 1 1 1 1 1 1 1 1 0 1 1 1 1 0 1 1 1 0 1
408 25 4849  0 1 1 0 0 0 0 0 0 1 1 1 1 0 0 0 1 1 1 0 1 1 1 1 1
409 25 6656  0 1 1 1 1 1 1 0 1 1 1 1 1 0 0 1 1 1 1 1 1 1 1 1 1
410 25 4797  1 0 0 1 0 1 0 0 1 1 0 1 1 1 0 1 1 1 0 1 0 1 1 0 0
411 25 5133  1 0 1 1 1 1 1 1 1 1 1 0 0 1 1 1 0 1 1 1 1 1 0 1 0
412 25 4870  1 1 1 1 0 0 0 1 1 0 1 0 1 0 1 1 1 1 1 1 1 1 0 1 1
413 25 5958  1 1 1 1 1 1 1 1 1 1 1 1 1 1 1 1 1 1 1 1 1 1 1 1 1
414 25 4229  1 0 0 1 1 0 1 1 0 0 1 1 1 1 0 0 1 1 1 1 1 0 0 0 0
415 25 3525  1 1 1 0 0 1 0 0 1 0 0 0 1 0 0 1 0 0 1 1 0 0 0 1 0
416 25 4813  1 1 1 1 1 1 1 0 0 1 1 1 1 1 1 1 1 1 1 1 1 1 1 1 1
417 25 3679  0 0 1 0 0 1 0 1 1 0 0 1 1 1 0 0 0 1 0 1 0 0 1 1 1
418 25 4474  0 1 1 0 0 0 0 0 1 1 1 1 0 0 1 0 1 0 0 1 0 1 1 1 1
419 25 4842  0 1 1 0 0 1 1 1 1 0 1 0 0 0 1 1 1 0 1 1 1 1 1 1 0
420 25 4481  0 0 1 0 1 1 1 0 1 0 1 1 0 0 0 0 1 0 1 0 0 0 1 1 1
421 25 4693  0 0 1 1 0 0 0 1 1 0 1 1 1 1 1 0 1 0 0 1 1 0 1 0 0
422 25 2597  0 1 0 0 0 0 1 1 1 0 1 0 0 0 0 0 1 0 0 1 0 0 1 0 0
423 25 2537  0 0 1 0 0 0 0 0 1 1 0 1 1 0 0 1 0 0 1 0 1 0 1 0 0
424 25 3904  0 1 1 1 1 1 0 0 0 0 0 1 1 0 0 1 1 1 0 0 1 0 1 1 0
425 25 2998  1 1 0 0 0 0 0 0 0 0 1 0 1 0 1 0 0 0 0 0 1 0 0 1 1
426 25 1685  1 1 0 0 1 0 0 0 1 0 0 0 0 0 0 0 1 0 0 1 0 0 0 0 0
427 25 5448  1 1 1 0 1 1 1 0 1 0 1 1 0 0 1 1 1 1 0 1 1 1 1 1 1
428 25 6830  1 1 1 1 1 1 1 1 1 1 1 1 1 1 1 1 1 1 1 1 1 1 1 1 1
429 25 3831  0 0 0 0 1 1 1 1 0 1 1 0 0 0 1 1 0 1 0 1 0 0 1 0 0
430 25 5044  0 0 1 1 0 1 1 1 1 1 1 1 1 1 1 1 1 1 1 1 0 1 1 1 1
431 25 3470  0 1 0 1 1 0 0 0 1 0 0 0 1 0 0 1 0 0 0 0 1 1 0 0 1
432 25 3643  0 0 1 1 1 0 1 0 1 0 0 0 1 1 0 0 1 1 0 0 0 1 0 1 1
433 25 5836  1 1 1 1 1 0 0 1 1 0 0 1 1 1 1 0 1 1 0 1 0 1 1 1 1
434 25 6923  1 1 1 1 1 1 0 1 1 1 1 1 1 1 1 1 1 0 1 1 1 1 1 1 0
435 25 6510  1 1 1 1 1 1 1 1 1 1 1 1 1 1 1 1 1 1 1 1 1 1 1 1 1
436 25 6985  1 1 1 1 1 1 1 1 1 1 1 1 1 1 1 1 1 1 1 1 1 1 1 1 1
437 25 5423  1 1 1 0 1 0 1 0 1 0 1 1 1 1 1 1 0 0 1 0 0 1 1 1 1
438 25 4997  0 1 1 0 1 0 1 0 0 0 1 0 1 0 1 1 1 1 1 1 0 1 1 1 0
439 25 4812  0 0 0 1 1 1 0 1 1 0 1 1 0 0 1 1 0 0 0 1 1 1 1 1 1
440 25 3643  0 1 1 1 1 0 0 1 1 0 1 0 1 0 1 1 0 1 1 1 1 0 1 0 0
441 25 6494  1 1 1 1 1 0 1 1 0 1 1 1 1 0 1 1 1 1 1 0 1 1 1 1 1
442 25 6302  1 1 0 1 1 1 1 1 1 0 1 1 1 1 1 1 1 1 1 1 0 1 1 0 1
443 25 6579  1 1 1 1 1 1 1 1 1 1 1 1 1 1 1 1 1 1 1 1 1 1 1 1 1
444 25 3157  0 0 0 1 1 0 0 1 1 0 0 1 0 1 1 0 0 1 0 0 0 0 0 0 1
445 25 4437  1 1 0 1 0 1 1 0 0 1 0 0 1 0 0 1 0 0 1 0 1 1 1 1 1
446 25 3160  1 1 0 0 0 1 0 0 0 0 0 0 0 1 0 0 0 1 1 0 1 1 1 0 1
447 25 5457  1 0 1 0 1 1 1 0 1 1 0 0 1 1 1 1 1 1 1 1 1 0 0 0 1
448 25 5752  1 1 1 1 1 1 1 1 1 1 1 1 1 1 1 1 1 1 1 0 1 0 1 1 1
449 25 3064  0 1 0 0 0 0 0 1 1 0 0 0 0 1 0 0 1 1 1 1 1 0 0 0 1
450 25 2874  0 1 0 0 1 1 1 0 1 0 1 0 0 1 0 0 1 0 1 0 0 0 0 0 0
451 25 5667  1 0 1 1 1 0 0 1 0 1 1 1 1 1 1 1 1 1 0 1 1 0 1 0 0
452 25 5795  1 1 1 1 1 1 1 1 1 1 1 1 1 1 1 1 1 1 1 1 1 1 1 1 1
453 25 5017  1 1 0 0 1 1 1 0 1 0 1 0 1 0 1 1 1 1 0 1 0 0 1 1 0
454 25 3560  0 1 0 1 0 1 0 1 1 1 0 0 0 1 0 1 0 1 1 1 0 0 0 1 0
455 25 4854  0 0 1 0 0 0 1 0 1 1 0 1 1 1 1 0 1 1 0 1 1 0 1 0 1
456 25 7163  1 1 1 0 1 1 1 1 1 1 1 1 0 1 1 1 1 1 1 1 0 1 1 1 1
457 25 6376  0 1 1 1 1 1 0 0 1 1 1 1 1 1 1 0 1 1 0 1 1 1 1 0 1
458 25 3917  1 0 0 0 1 0 1 1 1 0 0 1 1 1 0 1 1 0 0 1 0 0 1 0 0
459 25 5361  1 0 1 0 1 1 1 0 0 0 1 1 0 1 1 1 0 0 0 1 1 1 1 0 1
460 25 5340  1 1 1 1 0 0 1 1 1 0 0 1 1 0 0 1 0 1 0 1 1 1 0 0 0
461 25 5724  1 0 1 1 1 0 1 1 1 1 1 0 1 0 1 1 1 1 1 0 0 1 1 1 1
462 25 5466  0 1 1 0 1 1 1 1 1 1 0 1 1 1 0 0 1 0 1 1 1 0 0 1 1
463 25 6866  1 1 1 1 1 1 1 1 1 1 1 1 0 1 1 1 0 1 1 1 1 0 0 1 1
464 25 5143  1 1 0 1 1 0 1 1 1 0 0 1 0 1 0 0 1 0 0 0 1 1 0 1 1
465 25 3180  0 0 0 1 0 1 0 1 0 1 0 0 1 1 1 0 0 0 0 1 0 0 1 0 0
466 25 3852  0 1 1 1 0 0 1 0 1 1 0 0 1 1 0 0 0 0 1 1 0 0 1 0 1
467 25 5558  1 1 1 1 1 1 1 1 0 1 1 1 1 1 0 1 1 1 1 1 1 0 1 1 0
468 25 4668  1 0 0 0 1 1 0 1 0 1 1 1 1 0 1 1 0 1 0 0 1 1 1 0 1
469 25 3729  0 1 0 1 1 0 1 1 0 1 0 1 0 1 1 1 1 0 0 1 0 0 0 0 0
470 25 7356  1 0 1 1 1 1 1 1 1 1 1 1 1 1 1 0 1 1 1 1 1 1 1 1 1
471 25 1219  0 0 0 0 0 0 0 0 0 0 1 0 0 0 1 0 0 0 0 1 0 0 0 0 0
472 25 2542  0 0 0 0 1 0 0 0 0 0 0 1 0 1 0 0 1 0 0 1 0 1 1 0 0
473 25 2428  0 0 0 0 1 1 0 0 1 0 0 1 0 0 0 0 1 0 1 0 0 0 0 1 1
474 25 5355  1 1 1 0 1 1 1 0 1 1 1 0 1 0 1 0 0 1 1 1 0 1 1 0 0
475 25 6532  1 1 1 1 1 1 1 1 1 1 1 1 1 1 1 1 1 1 1 1 1 1 1 1 1
476 25 5829  1 1 0 1 0 1 0 1 1 1 1 1 0 1 0 1 1 1 0 1 1 1 1 1 1
477 25 4273  0 1 1 1 1 1 1 0 0 0 0 0 1 1 1 0 1 1 1 1 1 0 0 1 0
478 25 5407  1 1 0 0 1 1 0 0 1 1 0 1 1 0 1 0 1 1 1 1 1 1 1 1 1
479 25 4386  0 1 1 1 1 0 1 1 1 1 0 0 0 0 0 1 1 0 0 0 0 1 0 1 1
480 25 6217  1 1 1 1 0 0 1 1 1 1 1 1 1 1 1 1 1 1 1 1 0 1 1 1 1
481 25 3788  0 1 1 0 0 1 1 0 1 0 1 0 0 0 0 1 0 1 1 1 1 0 0 0 0
482 25 5322  0 0 1 1 0 0 0 1 1 1 1 1 1 1 1 1 1 0 1 1 0 1 1 1 1
483 25 2349  0 0 1 0 0 1 0 1 0 0 1 1 0 0 1 0 0 0 0 0 0 0 1 0 1
484 25 5876  1 1 0 1 1 1 1 1 0 1 1 1 1 1 1 1 1 1 0 1 0 1 0 1 1
485 25 4386  1 0 1 0 1 0 1 0 1 1 1 1 0 0 1 0 1 0 1 1 0 1 1 0 0
486 25 4961  1 0 1 1 0 0 1 1 0 0 0 1 0 0 1 1 1 1 0 1 1 1 1 1 1
487 25 2704  0 0 0 0 1 0 0 1 1 0 0 0 0 1 0 1 0 0 1 1 0 1 1 0 0
488 25 4707  0 1 0 0 0 1 0 1 0 0 1 1 1 1 0 0 0 1 1 0 1 1 0 0 1
489 25 4338  1 1 1 1 1 1 1 1 1 1 1 1 1 1 1 1 1 1 1 1 1 1 1 1 1
490 25 2982  1 0 0 0 0 1 0 0 0 1 1 0 0 0 1 0 1 0 0 0 1 0 0 0 0
491 25 5277  1 1 1 1 1 1 1 1 1 1 1 1 1 1 1 1 1 1 1 0 1 1 1 1 1
492 25 4728  1 1 1 0 1 1 0 1 1 1 0 1 0 0 0 0 1 0 0 1 1 0 0 0 1
493 25 5537  1 1 0 1 0 0 0 1 1 1 1 1 0 0 1 1 0 1 1 1 1 1 1 0 1
494 25 6524  1 1 1 1 1 1 0 1 0 1 0 1 1 1 1 1 1 1 1 1 1 1 1 0 1
495 25 5988  1 1 1 1 0 1 1 1 1 1 1 1 0 0 1 1 1 1 1 1 0 1 1 1 1
496 25 6618  1 1 0 1 0 1 1 1 1 0 1 1 1 1 1 1 0 1 1 1 1 1 1 1 0
497 25 6262  1 1 1 0 1 1 0 0 1 1 1 1 1 1 1 1 1 1 1 1 1 1 1 0 1
498 25 5027  1 1 1 1 1 1 0 1 1 1 1 0 1 0 1 1 0 1 1 1 0 0 0 1 0
499 25 1913  1 0 1 0 0 0 0 0 0 0 0 0 1 0 0 0 1 0 0 1 0 1 0 0 0
