0 32 1650  0 0 0 0 1 1 0 0 0 0 0 0 1 1 0 0 0 1 0 0 0 0 1 0 0 0 0 0 0 0 0 0
1 32 7299  1 1 1 1 1 1 1 1 1 1 1 1 0 1 0 1 0 1 1 1 1 1 1 1 1 1 0 1 1 1 0 0
2 32 2837  0 1 0 0 0 1 0 0 0 0 0 0 0 1 0 0 0 0 0 0 0 0 0 1 1 0 1 1 0 0 0 1
3 32 5961  0 0 1 1 1 0 1 0 1 1 0 1 1 0 1 0 1 1 1 0 0 1 1 1 1 1 0 0 1 1 1 1
4 32 7228  1 1 1 0 0 1 1 1 0 1 1 1 0 0 0 1 1 1 1 0 1 1 1 1 1 1 0 1 1 0 1 1
5 32 7139  1 0 1 0 0 1 1 1 1 1 1 1 1 0 0 1 1 1 1 0 1 0 1 0 1 1 0 1 1 1 1 1
6 32 4354  1 1 0 0 1 0 0 1 1 1 0 0 0 0 1 1 1 0 1 1 0 1 0 0 1 1 1 0 1 0 0 1
7 32 4762  0 1 0 0 1 0 1 1 0 1 1 0 0 1 0 0 1 0 1 1 0 0 0 0 1 1 0 0 1 0 0 1
8 32 4995  0 1 0 1 1 0 1 0 1 1 0 1 1 0 0 1 0 0 0 0 1 1 0 1 0 1 0 0 1 0 0 0
9 32 8236  1 1 1 0 1 1 1 0 0 0 1 1 1 1 1 1 0 1 0 0 1 0 1 1 1 1 1 0 1 0 0 1
10 32 6000  1 0 1 0 0 1 1 1 1 1 1 1 1 1 0 0 1 1 1 0 1 1 1 1 1 0 0 0 1 0 1 1
11 32 5643  1 1 0 1 0 1 1 1 1 1 1 1 0 1 1 1 1 1 0 0 1 1 0 1 1 1 0 0 0 1 1 0
12 32 2188  0 0 0 0 0 0 0 0 0 0 0 0 0 0 1 0 1 1 0 0 0 0 0 0 0 1 0 0 0 0 1 0
13 32 1622  0 0 0 0 0 0 1 0 0 0 0 1 1 0 0 0 0 0 0 0 0 1 0 0 0 0 0 0 0 0 0 0
14 32 5004  0 0 1 0 1 1 1 0 0 0 1 0 1 0 1 1 0 1 1 0 0 1 1 0 1 0 1 0 0 1 1 1
15 32 5467  1 1 1 0 1 1 0 0 0 1 1 1 0 1 1 1 0 0 0 0 0 0 1 1 1 0 0 1 1 1 0 0
16 32 3034  0 0 0 0 1 0 0 1 1 0 0 0 0 0 0 1 1 0 0 0 0 0 1 0 1 0 1 1 0 0 0 0
17 32 3921  0 0 0 0 1 0 0 0 1 1 0 0 1 0 0 1 0 1 0 1 1 0 1 1 0 0 1 0 0 1 1 0
18 32 2174  0 0 0 0 0 0 1 0 0 1 0 0 0 0 0 1 0 0 0 0 0 1 0 0 0 1 0 1 0 0 0 0
19 32 8078  1 1 1 1 1 1 1 1 1 1 1 1 1 1 1 1 0 1 1 0 0 1 1 1 1 1 0 1 1 1 1 1
20 32 5471  1 0 1 1 1 1 0 0 1 1 0 0 0 0 0 1 1 1 1 0 1 1 0 0 1 1 0 0 0 1 1 1
21 32 7316  1 0 1 1 1 1 0 1 1 1 0 1 1 0 1 1 1 1 1 1 1 0 0 1 1 0 0 1 0 1 1 1
22 32 6925  1 0 1 1 1 1 0 0 1 0 1 1 1 1 1 0 0 0 0 1 1 1 1 1 1 1 0 1 1 1 0 0
23 32 7017  1 1 1 1 1 1 1 1 1 1 1 1 1 1 1 1 1 1 1 1 1 1 1 1 1 1 1 1 1 1 1 1
24 32 6180  1 1 1 1 0 1 1 0 1 1 0 1 1 1 0 0 0 1 1 1 0 1 1 1 0 1 1 1 1 1 1 1
25 32 3349  0 1 0 0 0 1 0 0 0 0 0 1 0 0 1 1 0 0 0 0 1 0 0 1 1 1 1 0 0 1 0 0
26 32 7639  0 1 0 0 1 1 1 1 1 0 1 1 1 1 0 1 1 1 0 1 1 1 1 1 1 1 1 1 1 1 1 1
27 32 2806  1 0 1 0 0 0 1 0 0 0 1 1 0 0 0 1 0 0 0 0 0 1 0 0 0 1 0 0 0 0 0 0
28 32 6701  1 1 1 1 1 0 1 1 1 1 1 0 1 1 1 0 1 0 1 1 1 0 1 0 1 1 1 1 1 0 1 0
29 32 2498  0 1 0 1 0 1 0 0 0 0 0 1 1 0 0 0 1 0 0 0 0 0 1 1 0 0 0 0 0 1 0 0
30 32 7287  1 0 1 1 1 0 1 1 1 1 1 0 1 1 1 1 1 1 1 1 1 0 1 1 1 1 1 1 1 1 1 1
31 32 7295  1 1 1 1 1 1 1 1 1 1 1 1 1 1 1 1 1 1 1 1 1 1 1 1 1 1 1 1 1 1 1 1
32 32 8032  1 1 1 1 1 1 0 1 1 1 1 1 0 1 1 1 1 1 1 1 1 0 1 1 1 1 1 1 1 1 1 1
33 32 7064  1 1 1 1 1 1 1 1 1 1 1 1 1 1 1 1 1 1 1 1 1 1 1 1 1 1 1 1 1 1 1 1
34 32 7701  1 1 1 1 0 1 1 1 1 1 0 1 1 1 1 1 1 1 1 1 1 1 1 1 1 1 0 1 1 0 1 1
35 32 3605  0 0 0 1 0 0 0 0 0 0 0 1 0 1 1 1 0 1 1 0 0 0 1 0 0 1 1 1 0 0 0 1
36 32 5196  1 1 0 1 1 1 1 1 0 0 1 1 1 0 1 1 1 1 1 1 0 1 1 0 1 0 1 0 0 1 1 1
37 32 7107  0 0 1 1 1 0 1 1 0 1 1 0 1 1 0 0 1 1 1 0 0 1 0 1 0 1 1 1 1 1 0 1
38 32 5623  1 0 1 0 1 1 1 1 0 1 0 0 0 0 0 1 0 1 0 0 1 1 1 1 0 1 1 0 0 0 1 1
39 32 2264  1 0 0 0 0 1 0 0 1 0 1 0 0 0 0 0 0 0 0 0 0 1 0 1 1 1 0 0 0 0 0 0
40 32 4490  1 1 0 0 0 0 0 0 0 0 1 0 0 0 1 0 1 0 0 0 0 1 1 1 0 0 1 1 0 0 1 1
41 32 6753  1 1 1 1 1 0 1 1 1 0 1 1 1 0 1 0 1 1 1 1 0 0 1 1 1 1 0 1 0 1 1 1
42 32 8109  1 1 1 1 1 1 1 1 1 1 1 1 1 1 1 1 1 1 1 1 1 1 1 1 1 1 1 1 1 1 1 1
43 32 5973  0 0 1 0 1 1 0 1 0 0 1 1 1 1 0 0 1 0 1 0 1 0 1 1 1 0 1 1 1 0 1 1
44 32 6609  1 1 0 0 0 1 1 1 1 0 0 1 1 0 0 0 1 1 1 1 0 1 1 0 1 1 1 0 1 0 1 1
45 32 8725  1 1 0 1 1 1 1 1 1 1 1 1 0 1 1 1 1 1 1 1 1 1 1 1 1 1 1 1 1 1 1 1
46 32 8095  1 1 1 1 1 0 0 0 1 1 0 1 1 1 0 1 1 1 1 1 0 0 1 1 1 1 1 1 1 1 1 1
47 32 5326  0 0 0 1 0 0 1 1 1 0 1 0 1 0 1 0 0 0 1 0 0 1 1 0 1 1 0 0 0 1 0 1
48 32 4932  1 0 0 1 1 0 0 0 1 0 1 1 0 0 1 1 1 1 0 0 0 0 0 0 1 1 1 1 1 1 0 1
49 32 7625  1 1 1 1 1 1 1 1 1 1 0 1 1 1 1 1 1 0 1 1 0 1 1 1 1 1 1 1 1 1 0 0
50 32 2309  0 1 0 0 0 0 0 0 0 0 0 0 0 1 0 1 0 0 0 0 1 0 0 0 1 1 0 0 0 0 0 0
51 32 3683  0 0 1 0 0 0 1 0 0 0 0 0 0 0 0 1 1 0 0 1 0 1 0 0 0 0 0 0 1 1 1 1
52 32 6489  1 1 1 1 1 0 0 0 1 0 0 1 0 1 1 1 1 1 1 1 0 1 1 0 1 0 1 1 1 0 0 1
53 32 8589  1 1 1 1 0 1 1 1 1 1 1 1 1 0 1 1 0 1 0 1 0 1 1 1 0 0 1 1 0 1 1 1
54 32 6808  0 1 1 1 1 1 1 0 0 1 1 1 0 1 0 1 1 0 1 1 1 1 0 0 1 0 1 0 1 1 1 1
55 32 6313  1 1 0 1 0 1 1 1 0 0 1 1 1 1 1 1 1 0 1 1 0 1 0 1 1 1 0 1 1 1 0 1
56 32 8245  1 1 1 1 1 1 1 1 1 1 1 0 1 1 1 1 1 1 1 1 1 1 1 1 1 1 1 1 1 1 0 1
57 32 2554  0 1 0 0 0 0 0 0 0 0 1 0 1 0 0 0 0 0 1 0 1 1 0 0 0 0 0 0 1 0 0 0
58 32 3759  0 0 0 0 0 1 1 1 0 1 1 0 1 1 0 0 1 0 1 0 1 0 0 0 0 0 1 0 0 0 0 0
59 32 6194  1 1 1 1 1 1 1 1 1 1 1 1 1 1 1 1 1 1 1 1 1 1 1 1 1 1 1 1 1 1 1 1
60 32 5591  1 1 1 1 0 0 0 0 0 1 1 1 1 1 1 1 0 1 1 0 1 0 0 0 0 1 0 0 0 1 1 0
61 32 8516  1 1 1 1 1 1 1 1 1 1 1 1 1 1 1 1 1 1 1 1 1 1 1 1 1 1 1 1 1 1 1 1
62 32 4092  0 1 0 0 0 0 0 1 1 0 1 0 1 1 0 0 0 0 1 0 0 1 1 1 0 1 0 1 0 0 1 0
63 32 2652  0 0 1 0 0 0 0 0 0 1 0 1 1 0 1 0 0 0 0 0 0 0 1 1 1 0 0 0 0 0 0 1
64 32 4942  1 0 0 1 1 0 0 1 0 0 0 1 0 0 1 0 1 0 0 0 0 1 1 1 1 0 1 0 1 1 0 1
65 32 4128  1 1 0 0 1 0 0 1 1 0 0 0 0 0 0 0 0 1 1 0 1 1 0 0 0 1 0 0 1 1 0 1
66 32 7235  1 1 1 1 1 0 0 1 1 0 1 1 1 1 0 1 1 1 1 1 1 1 0 0 1 1 1 1 1 1 1 1
67 32 2327  0 0 0 0 0 0 0 0 1 0 0 0 0 0 1 0 0 1 0 0 0 0 1 1 0 0 0 0 1 0 0 1
68 32 6224  1 0 0 1 1 0 1 1 0 0 1 0 1 0 1 1 0 1 0 1 1 0 1 1 0 1 1 0 0 1 1 1
69 32 5484  1 0 0 1 1 1 0 1 1 1 0 1 1 1 1 1 0 1 1 1 1 0 1 0 0 0 1 1 1 0 0 1
70 32 9362  1 1 1 1 1 1 1 1 1 1 1 1 1 1 1 1 1 1 1 1 1 1 1 1 1 1 1 1 1 1 1 1
71 32 8177  1 1 1 1 1 1 1 1 1 1 1 1 1 1 1 1 1 1 1 1 1 1 1 1 1 1 1 1 1 1 1 1
72 32 5335  0 1 1 0 1 0 1 1 1 1 1 0 0 0 1 0 1 0 1 0 1 1 0 1 1 0 1 0 1 0 0 0
73 32 4079  0 1 0 0 0 1 0 0 0 0 1 1 1 0 1 0 1 1 0 1 1 0 0 0 0 1 0 1 1 0 0 1
74 32 5514  0 0 0 1 1 1 1 1 0 1 0 0 1 0 1 0 0 1 0 1 1 0 0 1 1 1 1 1 0 0 0 0
75 32 8220  1 1 1 1 1 1 1 0 1 1 0 1 1 1 1 1 1 1 1 1 1 1 1 1 1 1 1 1 1 0 1 0
76 32 2555  0 0 0 0 1 0 0 0 1 0 1 0 0 0 0 0 0 1 0 0 1 1 1 0 1 0 0 0 0 0 0 0
77 32 7440  1 1 1 1 1 1 1 1 1 0 1 1 1 1 1 1 1 1 1 0 1 1 1 1 1 1 1 1 1 1 1 1
78 32 7719  1 0 1 1 1 1 1 1 0 1 0 1 1 0 1 1 0 1 1 0 1 1 1 1 1 1 0 1 1 1 1 1
79 32 6845  1 0 0 1 0 1 0 1 1 1 1 1 1 1 1 1 1 0 1 1 1 1 1 1 1 0 1 1 1 0 1 1
80 32 7147  0 0 0 1 1 1 1 1 1 1 0 1 1 0 1 0 1 1 0 1 0 1 1 1 1 1 0 1 0 0 1 1
81 32 5238  0 0 1 0 0 0 0 0 0 0 0 0 0 1 1 0 1 1 1 1 1 1 0 0 1 1 1 1 1 1 1 1
82 32 5045  1 0 1 1 0 1 0 1 1 0 1 0 0 1 1 1 0 0 0 0 1 0 0 0 1 1 1 0 0 1 1 0
83 32 5574  0 1 0 1 1 1 0 0 1 1 0 0 1 1 1 1 0 1 0 0 1 1 0 0 1 0 1 1 0 1 0 0
84 32 2281  0 0 1 0 0 0 1 0 0 1 1 1 0 0 0 0 0 0 1 1 0 0 0 1 1 0 0 0 0 0 0 0
85 32 6098  0 1 0 1 1 0 1 1 1 1 1 1 0 0 1 1 0 0 1 0 1 1 0 1 0 1 1 1 1 0 0 1
86 32 6135  0 1 1 0 1 1 1 0 0 1 1 1 1 1 1 0 0 1 1 1 0 1 0 0 1 1 1 1 1 0 0 0
87 32 6492  0 1 1 1 0 1 0 1 1 1 1 0 0 1 1 1 0 1 1 1 1 1 0 1 1 1 0 1 1 1 1 0
88 32 2874  1 0 0 1 0 0 1 0 0 0 0 0 1 0 1 0 1 0 0 0 0 0 0 0 0 0 0 1 0 1 0 0
89 32 8878  1 1 0 1 1 1 1 1 1 1 1 1 1 1 1 1 1 1 1 1 1 1 1 1 1 1 1 1 1 1 1 1
90 32 6048  0 1 0 0 1 1 0 1 1 1 1 1 0 1 1 1 1 1 1 0 0 0 1 1 0 0 1 1 1 1 1 1
91 32 6762  1 1 0 1 0 1 1 1 0 0 1 0 1 1 0 0 0 1 0 1 1 1 1 1 1 1 0 1 1 0 1 0
92 32 6521  1 1 1 1 1 1 1 1 1 1 1 1 0 1 0 1 1 1 0 1 1 0 1 1 1 1 1 1 1 1 1 1
93 32 6257  0 0 1 0 0 0 1 1 0 1 0 1 1 0 1 1 1 0 0 1 1 0 1 1 1 1 1 1 0 1 0 1
94 32 7591  0 1 1 1 1 1 1 0 1 1 1 1 1 1 1 1 1 0 1 1 1 1 1 1 1 1 1 0 1 1 1 1
95 32 4650  0 1 1 0 0 1 0 0 0 1 0 0 0 1 1 0 0 1 1 0 0 1 0 0 0 1 1 1 0 1 0 0
96 32 7461  0 0 0 1 0 0 1 1 1 1 1 0 1 1 1 0 1 0 1 1 0 1 1 1 1 1 1 1 1 0 1 1
97 32 6162  0 1 1 1 1 1 0 0 0 1 0 0 1 0 0 1 0 1 1 0 1 1 0 0 0 1 0 0 1 1 1 1
98 32 3840  1 1 0 0 0 0 1 1 0 1 0 0 0 0 0 1 0 0 0 0 1 1 0 0 0 0 1 1 0 1 0 1
99 32 5697  1 1 0 1 1 1 1 0 0 1 1 1 1 0 1 0 1 1 1 0 0 0 0 1 0 0 1 0 1 0 0 1
100 32 8395  1 1 1 1 1 1 1 1 1 1 1 1 1 1 1 1 1 1 1 1 1 1 1 1 1 1 1 1 1 1 1 1
101 32 5528  1 1 1 1 1 0 1 1 0 1 0 0 1 1 1 1 1 1 1 1 0 0 1 0 0 0 1 0 1 1 1 0
102 32 7172  1 1 1 1 0 1 1 1 1 0 0 1 0 1 1 1 1 1 1 0 1 1 1 1 0 0 1 1 0 1 0 0
103 32 3730  0 0 1 0 0 1 1 0 0 0 0 1 1 1 1 0 0 0 1 0 0 0 0 1 0 0 1 1 0 1 1 0
104 32 4548  0 0 0 0 1 0 0 1 1 0 1 1 0 0 0 0 1 0 0 1 1 1 1 1 0 0 0 0 0 1 0 0
105 32 7328  1 1 1 1 1 1 1 1 1 1 1 0 1 1 0 1 1 1 1 1 1 1 1 1 1 1 1 1 0 1 1 1
106 32 4761  0 0 0 0 1 1 0 1 1 1 0 0 1 1 0 1 1 1 0 0 1 0 0 0 0 1 0 0 1 1 1 0
107 32 7779  1 1 1 1 1 1 1 1 1 1 1 1 1 1 1 1 1 0 1 1 1 1 1 1 1 1 1 1 1 1 1 1
108 32 5487  1 1 1 1 1 1 0 0 0 1 1 1 0 1 1 0 1 0 0 1 1 1 1 1 0 1 1 1 1 0 0 1
109 32 8022  1 1 1 1 1 1 0 1 1 1 1 1 1 1 1 1 1 1 1 1 1 0 1 1 0 1 1 1 1 1 1 1
110 32 8561  1 1 1 1 1 0 1 1 1 1 1 1 1 0 1 1 1 1 1 0 1 1 1 0 1 1 0 1 1 1 1 1
111 32 2991  0 1 1 0 0 1 0 1 0 0 0 0 1 0 1 0 0 0 1 0 1 0 0 1 0 0 0 1 0 0 0 0
112 32 7459  1 0 0 1 1 1 1 1 1 1 1 1 1 1 1 0 1 1 1 0 1 0 0 1 1 0 1 1 0 0 1 0
113 32 5621  1 1 1 0 0 0 0 0 1 0 0 0 1 0 0 1 1 1 0 1 1 1 1 0 0 0 0 1 1 0 0 1
114 32 3052  0 0 0 0 1 1 1 1 1 1 0 0 1 0 1 0 0 0 0 0 0 0 0 0 0 1 0 1 1 0 0 0
115 32 6504  0 0 1 0 1 1 0 0 1 0 1 1 0 0 1 0 1 1 1 1 0 1 0 1 1 0 0 1 1 0 1 1
116 32 3272  0 0 1 0 1 0 0 1 1 0 0 0 0 1 0 0 0 0 1 0 0 1 0 0 0 0 0 0 1 0 0 1
117 32 5947  1 0 0 1 1 1 1 1 1 0 1 0 1 0 1 0 0 1 0 1 1 0 0 1 1 1 0 1 1 1 1 0
118 32 7721  1 1 0 1 0 1 1 0 1 1 1 0 1 1 1 1 1 1 1 0 1 1 1 0 0 1 1 1 1 1 1 0
119 32 4095  0 0 0 0 0 0 0 0 0 0 1 0 1 1 1 0 0 0 0 1 1 1 0 0 1 1 1 1 0 1 0 1
120 32 6449  0 0 1 0 1 1 0 1 1 1 1 0 1 0 0 1 0 1 0 1 1 1 0 1 0 0 1 1 1 1 1 0
121 32 6696  1 1 1 1 0 1 1 1 1 1 1 1 1 0 1 1 1 0 1 1 1 1 1 1 1 1 1 1 1 1 1 1
122 32 1606  0 0 0 0 1 0 0 0 0 0 0 0 0 0 0 1 0 0 1 1 0 0 0 0 0 1 0 0 0 0 0 1
123 32 5636  1 0 0 0 1 0 0 1 1 0 1 1 0 1 1 0 1 1 1 1 1 0 1 0 1 1 1 0 1 0 0 1
124 32 8062  1 1 0 1 0 1 1 1 1 1 1 1 1 1 1 1 0 1 1 0 1 1 1 1 0 1 1 0 0 0 1 0
125 32 6744  0 1 1 1 1 0 1 1 0 0 1 1 1 0 1 0 1 0 1 0 1 0 0 1 1 1 1 1 0 1 1 1
126 32 7983  1 1 1 0 1 1 1 1 1 1 1 1 1 1 1 1 1 1 0 1 1 1 1 1 1 1 1 1 1 1 0 0
127 32 5989  1 0 1 1 1 0 1 1 1 0 0 0 1 0 0 0 1 0 0 0 0 0 0 1 1 1 0 0 1 1 1 1
128 32 2468  0 0 0 1 0 0 0 0 0 0 0 0 0 0 1 0 0 0 1 0 0 1 0 0 1 1 1 0 0 1 0 0
129 32 7205  1 1 1 1 0 1 1 1 1 1 1 1 1 1 1 0 1 1 1 1 1 1 1 0 1 1 1 1 1 1 1 1
130 32 7262  0 0 1 0 0 0 1 1 1 1 1 1 1 1 1 1 1 1 1 1 1 1 1 1 1 1 1 0 1 1 0 1
131 32 5697  0 0 1 0 0 0 1 1 1 0 1 0 1 0 1 1 1 0 1 1 1 0 1 0 1 1 1 0 1 1 1 1
132 32 6986  1 1 0 1 1 0 1 0 1 1 1 0 1 1 0 1 0 1 1 1 1 0 0 1 1 1 0 1 1 0 0 1
133 32 6255  1 1 1 1 0 1 1 0 1 1 1 1 1 1 1 1 1 1 0 1 1 1 1 1 1 1 1 1 1 0 1 1
134 32 6010  0 1 0 1 0 1 1 1 1 1 0 1 0 1 1 1 1 1 1 1 0 0 1 1 0 0 0 1 1 0 0 1
135 32 8165  1 1 1 1 1 1 1 0 1 1 1 1 1 1 1 1 1 1 1 1 1 1 1 1 1 1 1 1 1 1 1 1
136 32 8853  1 0 1 1 1 0 1 1 1 0 1 1 1 1 1 1 1 1 1 0 1 1 1 1 1 1 1 1 1 0 1 1
137 32 5213  0 1 1 0 1 0 1 0 1 1 1 1 1 1 1 0 0 1 0 1 1 0 1 0 0 0 0 0 0 1 0 1
138 32 8526  1 1 0 1 1 1 1 0 1 0 0 1 1 1 1 1 1 1 1 0 1 1 1 1 1 0 1 1 0 1 1 1
139 32 3974  0 0 1 1 1 1 1 0 1 1 0 0 1 0 0 0 0 0 0 0 0 1 1 1 0 0 1 0 0 0 0 0
140 32 6714  1 1 1 1 1 1 1 1 1 1 1 1 1 1 1 1 1 1 1 1 1 1 1 1 1 1 1 1 1 1 1 1
141 32 8933  1 0 1 1 1 0 1 1 1 1 1 1 1 1 1 1 1 1 1 1 1 1 0 1 0 1 1 1 1 1 1 1
142 32 4631  0 0 1 0 1 0 1 0 0 0 0 0 0 1 1 0 1 0 1 0 0 1 0 0 1 0 1 1 0 1 1 1
143 32 9345  1 0 1 1 1 1 1 1 1 1 1 1 1 1 1 1 1 1 0 1 1 1 0 1 1 1 0 1 0 1 1 1
144 32 8126  1 1 1 1 1 1 1 0 1 1 1 1 0 1 1 1 1 1 1 1 1 1 1 1 0 1 1 1 1 1 1 1
145 32 3807  1 1 1 0 0 0 1 1 0 0 0 0 0 1 0 1 0 1 0 0 0 0 0 1 0 0 0 0 1 0 1 1
146 32 4110  0 1 1 0 1 0 0 1 0 0 1 0 0 1 1 0 0 1 0 0 0 1 0 1 0 0 0 1 0 1 0 0
147 32 8396  1 1 1 1 1 1 1 1 1 1 1 1 1 0 0 0 1 1 0 1 1 1 1 1 1 0 1 1 0 1 1 1
148 32 6054  1 0 0 1 1 1 0 1 0 0 1 0 1 0 1 0 1 1 0 0 0 1 1 1 0 0 0 1 1 1 1 0
149 32 5077  1 0 1 0 1 1 0 0 0 0 1 0 1 0 0 1 1 0 1 0 1 0 0 0 0 0 1 1 0 0 1 1
150 32 6168  0 0 1 1 1 1 1 1 1 1 0 1 0 1 0 1 1 1 1 0 0 1 0 0 1 1 1 1 1 0 1 1
151 32 6711  1 1 0 0 1 1 1 1 1 0 1 1 1 1 1 1 0 0 0 0 1 1 1 1 1 0 1 1 1 1 1 0
152 32 5038  0 1 1 1 1 0 0 0 1 1 0 1 0 1 1 0 0 1 1 0 1 1 0 1 1 1 1 1 0 0 1 0
153 32 8632  1 1 1 1 1 1 1 1 1 1 1 1 1 1 1 1 0 1 0 1 1 0 1 1 1 0 1 1 0 1 1 1
154 32 6339  0 1 1 1 1 1 1 1 0 1 1 1 0 1 1 0 0 0 1 0 1 1 1 1 1 1 0 0 1 0 1 0
155 32 3987  0 0 0 0 0 0 0 1 1 0 1 0 1 0 1 0 0 1 0 1 0 1 1 0 0 0 1 1 0 0 0 0
156 32 6618  1 1 1 1 1 1 1 1 1 1 1 1 1 1 1 1 0 1 1 1 1 1 1 1 1 1 0 1 1 1 1 1
157 32 1745  0 0 0 1 0 0 0 0 0 0 0 0 0 0 0 0 1 0 0 0 1 0 0 0 1 1 0 0 0 0 1 0
158 32 8667  1 1 1 1 0 1 1 0 1 1 0 1 1 1 1 1 1 1 1 1 1 1 1 1 0 0 1 1 1 1 0 1
159 32 8696  1 1 1 1 1 1 1 1 1 1 1 1 1 1 1 1 1 1 1 1 1 1 1 1 1 1 1 1 1 1 1 1
160 32 6377  1 1 1 1 1 1 1 0 1 1 1 0 0 0 0 1 0 1 1 0 0 1 0 1 0 0 1 1 0 0 1 0
161 32 6070  1 0 0 0 1 1 0 0 0 1 1 1 0 1 0 1 0 0 1 1 1 1 1 0 1 1 1 1 1 1 1 0
162 32 4862  0 1 1 1 1 0 0 1 1 0 1 1 1 1 0 0 0 0 0 0 1 1 1 0 0 0 0 0 0 0 1 1
163 32 8070  0 1 1 0 1 1 1 1 1 1 1 1 1 1 1 1 1 1 1 1 0 0 1 0 1 0 1 1 0 1 1 1
164 32 6942  1 1 1 1 1 1 1 1 1 1 1 1 0 1 1 1 0 0 1 1 1 1 1 1 1 1 0 1 1 1 1 0
165 32 2932  0 1 1 0 1 0 1 0 0 0 0 0 0 0 1 0 0 0 1 1 0 0 0 0 0 0 0 1 1 0 0 1
166 32 8203  1 1 1 1 1 1 1 1 1 1 1 1 1 1 1 1 1 1 1 1 1 1 1 1 1 1 1 1 1 1 1 1
167 32 4195  0 0 0 0 0 1 0 1 1 0 0 1 1 1 1 1 0 1 0 0 1 1 1 0 1 0 0 0 0 0 0 0
168 32 6990  0 1 1 0 1 1 0 0 0 1 1 1 1 1 1 0 1 1 1 1 1 0 1 0 1 1 1 1 1 1 1 1
169 32 3805  1 1 0 1 0 0 0 0 0 0 1 0 0 0 0 0 1 1 1 0 0 0 0 0 1 1 1 1 0 0 0 1
170 32 2690  0 0 0 1 0 0 0 0 1 0 1 0 1 1 0 1 0 0 0 0 0 0 0 0 0 0 1 0 0 0 0 0
171 32 7598  1 1 1 1 0 0 1 1 1 1 1 1 1 1 1 1 0 0 1 0 1 1 1 1 1 1 1 1 1 1 1 1
172 32 7631  1 1 1 1 1 1 1 1 1 1 1 0 1 1 1 1 1 0 1 0 1 1 1 1 1 0 1 1 1 1 1 1
173 32 7855  1 1 0 1 1 1 0 0 1 1 1 1 1 1 1 1 1 1 1 1 1 1 0 1 1 1 0 1 1 0 1 1
174 32 5075  0 0 1 1 0 1 1 1 1 1 0 1 1 1 1 1 1 1 1 1 1 0 1 1 1 1 1 1 1 1 0 1
175 32 5287  1 1 1 0 1 1 1 1 0 1 0 1 0 1 1 1 0 1 0 0 1 0 1 0 1 0 1 1 1 0 1 1
176 32 7012  1 1 1 1 1 1 1 0 1 1 1 1 1 1 1 1 0 1 1 1 1 0 0 1 1 1 1 1 0 1 1 1
177 32 2331  1 0 1 0 0 1 0 0 0 0 0 1 0 0 0 0 0 0 1 0 0 0 0 0 0 0 1 0 0 1 0 0
178 32 2220  1 0 1 0 0 0 1 0 0 0 0 1 0 0 1 0 1 0 0 0 0 1 0 0 0 0 0 0 0 0 0 0
179 32 5320  0 1 0 1 1 0 0 0 1 1 1 0 1 0 1 0 0 1 1 1 0 0 0 0 1 1 1 1 1 1 1 1
180 32 6378  0 1 0 1 0 1 1 1 1 0 1 0 1 1 1 0 0 0 0 0 1 1 0 1 1 0 1 1 0 1 1 1
181 32 5793  0 0 0 0 1 1 1 0 1 1 1 1 0 1 0 1 0 0 1 1 1 1 1 0 1 1 0 1 0 1 0 1
182 32 5392  1 1 0 1 1 1 0 0 1 0 0 1 0 0 1 0 0 0 1 0 0 0 1 1 1 1 0 0 1 1 0 1
183 32 8208  1 1 1 1 1 1 1 1 1 1 1 1 1 1 1 1 1 1 1 1 1 1 1 1 1 1 1 1 1 1 1 1
184 32 7602  0 0 1 1 1 1 1 0 1 1 1 1 0 1 1 1 1 1 1 1 1 1 1 1 0 1 1 1 0 1 1 1
185 32 2535  1 0 0 0 0 1 0 1 0 0 1 0 0 1 1 0 0 0 0 0 0 0 0 0 0 1 0 0 0 0 0 0
186 32 5463  1 0 0 1 1 1 0 0 1 0 1 1 0 1 1 1 0 1 1 1 1 0 0 1 1 0 1 1 0 1 0 0
187 32 5645  1 1 1 0 1 0 1 0 1 1 0 1 1 1 0 1 0 1 1 1 1 0 0 1 0 0 1 1 0 1 1 0
188 32 7857  1 1 1 1 1 1 1 1 1 1 1 1 1 1 1 1 1 1 1 0 1 1 1 1 1 1 1 1 1 1 1 1
189 32 7910  1 1 0 1 1 0 1 1 0 1 1 1 1 1 1 1 1 1 1 1 1 1 1 1 1 1 0 1 1 1 1 1
190 32 2942  0 0 1 0 0 0 1 0 0 0 1 0 0 0 0 1 0 1 0 1 0 0 0 0 1 0 0 0 0 1 1 1
191 32 7977  1 1 1 1 1 1 1 1 1 0 1 0 1 0 1 0 1 1 1 1 1 1 1 1 1 1 1 1 1 1 1 1
192 32 6326  1 1 1 0 0 0 1 1 0 1 0 1 0 1 0 1 1 1 1 0 0 1 1 1 0 0 0 1 1 1 1 1
193 32 4534  0 1 1 1 0 1 1 1 1 1 0 0 0 0 0 1 1 1 0 0 1 0 0 1 0 0 0 0 1 1 0 0
194 32 8335  1 1 1 1 1 1 1 1 1 1 1 1 1 1 1 1 1 1 1 1 1 1 1 1 1 0 1 1 1 1 1 1
195 32 7436  1 0 1 1 1 1 1 1 1 1 1 1 1 1 1 1 1 1 1 1 1 0 1 1 1 1 1 1 1 1 1 1
196 32 7755  1 1 1 1 1 1 1 1 1 1 1 1 1 1 1 1 1 1 1 1 1 1 1 1 1 1 1 1 1 1 1 1
197 32 5100  0 1 1 1 0 0 1 1 1 0 0 1 1 0 0 1 0 1 0 1 1 0 1 0 1 1 0 1 0 1 0 0
198 32 5989  0 1 0 0 0 0 1 0 1 0 1 0 0 1 0 1 0 1 1 1 0 1 1 0 1 1 1 1 0 0 0 1
199 32 3387  0 0 1 1 0 1 0 0 1 0 1 0 1 0 0 0 1 1 0 0 0 0 0 0 0 0 1 0 1 1 1 0
200 32 6022  0 1 1 0 0 1 1 1 1 0 0 0 0 1 1 1 1 1 1 1 1 1 0 1 1 0 0 0 1 1 0 1
201 32 7816  1 1 1 0 1 1 1 1 1 1 1 1 1 1 1 1 1 1 1 1 0 1 1 1 1 0 1 1 1 1 1 1
202 32 7367  1 0 1 1 1 0 1 0 0 1 1 0 1 0 1 0 1 1 1 1 0 1 0 1 1 1 1 1 1 1 1 0
203 32 7483  0 1 1 0 1 0 1 1 0 1 1 1 1 1 1 1 1 1 1 0 0 0 1 0 1 1 1 1 1 0 1 1
204 32 6002  0 1 1 1 1 1 0 1 1 0 1 0 1 0 0 1 1 0 1 0 0 1 0 1 0 0 0 1 0 1 0 1
205 32 2069  0 1 0 0 0 1 0 0 0 1 0 0 1 1 0 1 0 0 0 0 0 0 0 0 0 1 0 0 0 0 0 0
206 32 7896  0 1 1 1 0 0 0 1 1 1 0 1 1 1 1 1 0 1 1 1 1 1 0 0 0 1 1 1 1 1 0 0
207 32 7828  1 1 1 1 1 1 1 1 1 0 0 1 1 1 1 1 1 1 1 0 0 1 0 1 1 0 0 1 1 1 0 1
208 32 528  0 1 0 0 0 0 0 0 0 1 1 0 0 0 0 0 0 0 0 0 0 0 0 0 0 0 0 0 0 0 0 0
209 32 3880  1 0 1 1 0 0 1 0 1 1 0 0 0 1 1 0 0 1 0 1 0 0 0 1 0 0 1 1 0 1 1 0
210 32 5533  0 1 1 1 0 0 1 1 1 0 1 1 1 0 1 0 0 1 1 1 1 0 0 0 1 1 0 0 1 1 1 1
211 32 5746  0 1 1 0 0 1 1 0 0 1 1 0 1 1 1 1 1 0 1 1 1 1 1 1 1 0 0 0 0 1 0 1
212 32 5546  1 1 1 1 1 1 1 1 1 1 0 0 0 0 1 0 0 0 0 1 1 0 0 1 1 0 0 0 1 0 0 1
213 32 8634  1 1 1 1 1 1 1 1 1 1 1 1 1 1 1 1 1 1 1 1 1 1 1 1 1 1 1 1 1 1 1 1
214 32 5297  1 0 0 1 0 1 1 1 1 1 0 0 1 0 0 1 0 1 0 1 1 0 1 0 0 1 1 1 0 0 0 0
215 32 8522  1 1 1 1 1 1 1 1 1 1 1 1 1 1 1 1 1 1 1 1 1 1 1 1 1 1 1 1 1 1 1 1
216 32 7853  0 1 1 1 0 1 1 1 1 0 1 1 1 1 0 1 1 1 1 1 1 0 0 1 1 1 1 1 0 1 1 1
217 32 4722  1 0 0 0 0 0 0 0 0 0 0 0 1 1 1 0 0 0 1 0 1 1 1 1 1 1 0 0 1 0 1 1
218 32 6376  1 0 0 0 0 1 1 1 1 1 1 1 0 1 1 0 1 1 1 1 1 0 0 1 1 1 0 1 1 1 0 1
219 32 6928  0 0 1 1 0 1 1 1 0 1 1 1 1 1 1 0 1 1 1 0 0 1 1 0 1 1 0 0 0 1 0 0
220 32 3498  0 0 1 1 0 1 1 1 1 1 0 0 1 0 0 0 0 0 1 0 0 0 0 0 1 0 0 0 0 0 0 1
221 32 5809  0 0 1 1 1 1 0 0 1 1 1 1 1 1 0 0 0 1 0 1 1 1 1 1 0 1 0 0 1 0 1 0
222 32 5388  0 1 0 1 0 0 0 0 1 0 1 1 0 1 0 0 0 1 0 0 1 0 1 0 1 1 0 1 1 0 0 1
223 32 6503  1 0 0 0 1 0 1 0 1 1 0 0 0 1 1 1 1 0 1 1 1 1 1 0 1 1 1 0 0 1 1 1
224 32 4986  1 1 0 0 1 1 1 1 0 0 0 0 0 0 0 0 0 0 0 1 0 1 1 1 1 1 0 0 1 0 1 0
225 32 3162  0 0 1 0 1 0 0 0 0 1 0 0 0 0 0 0 0 0 1 1 1 1 0 0 0 1 0 0 0 1 1 0
226 32 6459  1 1 1 0 0 1 1 1 1 0 0 0 0 0 1 0 1 1 1 1 1 0 0 1 1 1 1 1 1 0 0 1
227 32 1839  1 0 0 0 0 1 0 0 1 0 0 0 0 0 0 0 0 0 1 1 0 1 0 0 1 0 0 0 0 0 0 0
228 32 8696  1 1 0 1 1 1 1 1 1 1 1 1 1 1 0 1 1 1 1 1 1 1 1 0 1 1 1 1 1 1 1 1
229 32 6967  0 0 0 0 1 1 1 1 0 1 1 1 0 0 0 1 1 0 1 0 1 0 1 1 0 1 1 1 1 1 0 1
230 32 8200  1 1 1 1 1 1 1 1 1 1 1 1 1 1 1 1 1 1 1 1 1 1 1 1 1 1 1 1 1 1 1 1
231 32 2714  0 0 1 0 0 0 0 0 1 0 0 1 1 0 0 1 1 0 0 0 0 0 1 0 1 0 0 0 0 0 0 0
232 32 5403  0 1 1 1 1 1 0 1 1 1 1 1 1 0 0 1 1 1 1 1 1 0 0 1 0 0 1 1 1 1 0 1
233 32 6696  0 0 1 1 1 0 0 0 1 1 1 1 1 0 1 1 1 1 1 1 1 0 1 1 1 0 1 0 1 0 0 1
234 32 7554  1 1 1 1 1 1 1 1 1 1 1 1 1 1 0 1 1 1 1 1 1 1 1 1 1 0 1 1 1 1 1 1
235 32 6641  0 1 0 1 0 0 1 0 0 0 1 0 1 0 0 1 1 1 1 0 1 1 1 0 0 1 0 1 1 1 1 1
236 32 7772  1 1 0 1 1 1 1 1 1 1 1 1 1 1 1 1 1 1 1 1 1 1 1 0 1 1 1 0 1 1 1 1
237 32 8067  1 1 1 1 1 1 1 1 1 1 1 1 1 1 1 1 1 1 1 1 1 1 1 1 1 0 1 1 1 1 1 1
238 32 8704  0 1 1 1 1 1 1 1 1 1 1 1 1 1 1 1 1 1 1 1 1 1 1 1 1 1 1 1 1 1 1 1
239 32 7562  1 1 1 1 0 0 1 1 1 1 1 1 1 1 1 1 1 1 1 1 1 1 1 1 1 1 1 1 1 0 1 1
240 32 5730  1 1 0 0 1 0 1 1 1 0 1 1 1 1 1 0 0 0 1 1 1 0 0 1 1 1 1 0 0 0 0 1
241 32 4820  0 1 1 1 0 1 1 1 0 1 0 0 0 0 1 0 0 0 0 1 0 1 1 0 0 1 0 1 0 0 0 1
242 32 7604  1 1 1 1 1 1 1 1 1 0 1 1 1 1 1 1 1 1 1 1 0 1 1 0 1 1 1 1 1 1 1 1
243 32 5078  0 1 0 1 1 0 0 1 0 0 1 0 0 1 0 1 0 1 0 0 1 1 1 1 1 0 0 1 0 1 1 0
244 32 6338  1 0 0 0 1 0 0 1 1 1 0 1 0 1 1 1 0 1 1 1 0 1 1 1 0 1 0 0 1 1 1 0
245 32 5700  0 1 1 0 1 1 1 1 1 0 1 1 0 0 1 1 1 1 1 1 0 1 0 1 1 1 1 1 0 1 0 1
246 32 4671  1 1 0 1 0 0 1 0 1 0 0 1 0 0 0 0 0 0 0 1 1 0 1 0 1 1 1 1 0 0 0 1
247 32 3171  0 1 1 1 0 1 0 1 0 0 0 0 0 0 0 0 0 0 1 0 0 0 0 1 0 1 1 1 0 1 1 0
248 32 6858  1 1 1 1 1 1 1 1 0 1 1 1 1 0 1 1 0 1 1 1 1 1 0 1 0 1 1 1 1 1 1 1
249 32 8912  1 1 1 1 1 1 1 1 1 1 1 1 1 1 1 1 1 1 1 1 1 1 1 1 1 1 1 1 1 1 1 1
250 32 7999  1 1 1 1 1 1 1 1 1 1 0 1 1 1 1 0 1 1 1 1 1 1 1 1 1 1 1 1 1 1 0 1
251 32 8690  1 1 1 1 1 1 1 1 1 1 1 1 1 1 1 1 1 1 1 1 1 1 1 1 1 1 1 1 1 1 1 1
252 32 5909  0 1 1 0 1 1 0 1 1 0 1 0 0 1 0 1 1 1 0 1 0 1 1 1 0 0 1 0 0 1 0 1
253 32 9132  1 1 1 1 1 1 1 1 1 1 1 1 1 1 1 1 1 1 1 1 1 1 1 1 1 1 1 1 1 1 1 1
254 32 4485  0 1 1 0 0 0 0 0 1 0 1 1 1 0 1 0 0 0 0 1 1 0 0 1 0 0 0 0 0 0 1 1
255 32 7411  1 1 0 1 0 1 1 0 1 0 0 1 1 1 1 1 1 1 0 1 0 0 1 1 1 1 0 1 1 1 1 1
256 32 4312  0 0 0 0 0 1 0 0 1 0 0 1 1 0 1 1 1 1 0 1 0 0 1 0 1 0 0 1 1 0 0 0
257 32 4427  1 0 0 1 1 1 0 0 1 0 1 1 1 0 1 1 1 1 0 1 0 0 0 0 0 1 1 0 0 0 0 0
258 32 4168  0 0 0 1 0 1 1 0 1 0 0 1 0 0 0 0 1 0 0 1 0 0 0 0 0 1 1 0 1 0 1 1
259 32 6584  1 1 1 1 1 1 0 1 1 1 1 1 0 1 0 1 1 1 0 0 1 1 1 1 0 1 1 1 1 1 1 1
260 32 9071  1 1 1 1 1 1 1 1 1 1 1 1 1 1 1 1 1 1 1 0 1 1 1 1 1 1 1 1 0 1 1 1
261 32 8521  1 1 1 0 1 1 1 1 1 1 1 1 1 1 1 1 1 1 1 1 1 1 1 1 1 1 0 1 1 1 0 1
262 32 3092  0 0 0 0 0 1 0 0 1 0 0 1 0 0 0 0 0 0 1 0 0 1 1 1 1 1 0 0 0 0 0 0
263 32 7402  1 1 1 1 1 1 1 0 1 1 1 1 0 1 1 0 1 1 1 1 1 1 1 1 0 1 1 0 1 0 1 1
264 32 5338  1 1 1 0 1 1 1 0 1 1 0 0 1 1 1 0 0 0 1 0 1 0 0 0 0 0 0 1 0 1 1 1
265 32 2179  0 0 0 0 1 0 0 1 0 0 0 0 0 0 0 0 0 0 1 0 0 0 1 0 0 0 0 1 1 0 0 1
266 32 3837  0 1 0 1 0 1 1 0 0 0 0 0 0 0 1 1 1 1 0 0 0 0 1 0 1 1 1 0 0 0 0 0
267 32 6056  1 1 1 0 0 0 0 1 1 1 0 1 1 1 0 1 0 1 0 0 1 1 1 1 0 1 0 1 1 1 0 1
268 32 1842  0 0 0 0 0 0 0 1 1 0 0 0 0 0 0 0 0 0 1 0 0 1 0 0 0 0 0 0 0 1 0 0
269 32 4985  1 0 1 1 0 1 0 1 1 1 0 1 1 0 0 0 1 1 0 0 0 1 1 1 0 0 0 1 0 1 0 0
270 32 7982  1 1 1 1 0 0 1 1 1 1 1 1 1 1 1 0 1 1 0 1 1 1 1 1 0 1 0 0 1 1 1 1
271 32 8575  0 0 1 1 1 1 1 1 1 1 1 1 1 1 0 1 1 0 1 1 0 1 1 1 1 1 1 0 1 1 1 1
272 32 6606  1 1 1 1 1 0 1 1 0 1 1 1 0 1 1 0 0 1 1 0 1 1 1 1 1 0 1 1 1 0 1 1
273 32 6359  1 1 1 1 1 0 0 1 1 0 1 0 0 1 1 1 1 1 0 0 1 0 1 1 1 0 1 1 0 1 1 0
274 32 7452  1 1 1 1 1 1 1 1 1 1 1 1 1 1 0 1 1 1 1 1 1 1 1 1 1 1 1 1 1 1 1 1
275 32 7381  0 0 0 1 1 1 0 1 1 1 0 1 1 1 1 1 1 1 0 0 1 1 0 1 0 1 1 1 1 1 1 0
276 32 8519  0 1 0 0 1 1 1 1 1 1 1 1 1 1 1 1 1 1 1 1 1 1 1 1 1 1 1 1 1 0 1 0
277 32 6607  1 1 1 1 0 1 0 1 0 1 1 1 0 1 1 0 1 1 1 0 0 1 0 1 0 0 1 1 1 1 1 1
278 32 3701  1 0 0 0 1 0 0 0 0 1 1 1 0 0 0 1 0 0 1 0 0 1 1 1 0 0 1 0 0 0 0 0
279 32 3990  0 0 1 0 0 0 1 0 0 0 0 0 1 1 0 1 1 0 1 1 0 1 1 1 0 0 1 0 0 0 0 0
280 32 7557  1 1 1 1 1 1 1 1 1 1 1 1 1 1 1 1 1 1 1 1 1 1 1 1 1 1 1 1 1 1 1 1
281 32 7639  1 1 1 1 1 1 1 0 1 0 1 1 0 1 1 1 0 1 1 0 1 1 1 1 0 1 1 0 1 1 1 1
282 32 4841  0 0 1 0 0 1 0 1 0 0 0 0 1 1 0 1 0 0 1 1 1 1 0 1 0 1 0 0 0 0 1 0
283 32 4548  1 0 0 0 0 1 1 1 1 1 0 1 1 1 0 0 1 0 1 1 1 1 1 1 0 0 1 0 0 1 0 1
284 32 8085  1 1 1 1 1 0 0 1 0 1 1 0 1 1 1 0 1 1 1 1 0 1 0 1 1 0 1 0 1 1 1 1
285 32 4202  1 1 1 0 0 1 0 0 0 0 0 1 0 0 0 1 1 0 0 0 1 0 0 1 0 1 1 0 0 0 1 1
286 32 8223  1 0 1 0 1 1 1 0 0 1 0 1 1 1 1 1 1 1 1 0 1 1 1 0 1 1 1 1 1 1 1 1
287 32 5996  1 0 1 0 1 1 0 0 1 0 1 0 0 1 0 0 1 1 1 0 0 1 0 1 0 0 1 1 1 0 1 1
288 32 8222  1 1 1 1 0 0 0 1 1 1 1 1 1 1 0 1 1 1 1 0 1 1 0 1 1 1 1 1 1 1 1 1
289 32 7280  1 1 0 1 1 1 1 0 1 1 1 1 1 1 0 1 1 1 0 1 0 1 0 1 0 1 1 1 0 1 1 0
290 32 7097  1 1 1 1 1 1 1 0 0 1 1 1 0 0 0 1 1 1 1 1 1 1 1 1 1 1 1 1 1 1 1 0
291 32 6977  1 1 1 1 1 1 1 1 1 1 1 1 1 1 1 1 1 1 1 1 1 1 1 1 1 1 1 0 0 1 1 1
292 32 5183  1 0 1 1 0 0 1 1 0 1 0 0 1 0 0 1 1 1 1 0 0 0 1 0 1 1 0 0 0 1 0 1
293 32 7870  1 1 1 0 1 1 1 1 1 1 1 1 1 1 1 0 1 1 1 1 0 0 1 1 1 1 1 1 1 0 1 1
294 32 4173  1 1 0 1 0 1 1 1 0 0 0 1 0 1 0 0 0 0 0 1 1 0 0 0 0 1 0 0 0 0 0 1
295 32 5160  1 0 1 1 1 1 0 1 0 0 1 1 1 0 1 0 0 1 0 0 0 1 1 0 0 0 1 0 0 0 1 0
296 32 8072  1 1 1 1 1 0 1 1 1 0 1 1 1 1 1 1 1 1 1 1 1 1 1 1 1 0 0 0 1 1 1 1
297 32 5749  0 0 1 0 0 1 0 0 1 1 0 1 0 0 0 0 1 0 1 1 1 1 0 1 0 1 1 1 1 1 0 1
298 32 8284  1 0 1 1 1 1 1 1 1 0 1 1 1 1 1 1 0 1 1 1 1 1 1 1 1 0 1 1 0 1 0 1
299 32 5698  0 0 1 0 1 0 0 1 1 1 0 0 1 0 1 0 1 1 1 1 0 0 0 1 0 1 0 1 1 1 1 1
300 32 5619  1 1 1 1 0 1 1 0 0 0 0 0 1 1 1 1 1 1 1 0 1 0 0 1 0 1 1 1 1 1 1 0
301 32 8538  1 1 1 1 1 1 1 1 1 1 1 1 1 1 1 1 1 1 1 1 1 1 1 0 0 1 1 1 1 1 1 1
302 32 5430  1 0 1 1 1 1 0 0 0 0 0 1 1 0 1 1 1 1 1 1 0 0 0 0 1 1 1 0 1 1 0 0
303 32 6049  0 1 0 1 0 1 0 1 0 1 1 0 0 1 1 1 0 1 0 1 1 1 0 1 1 1 0 1 1 1 0 1
304 32 8505  1 1 1 1 1 1 1 1 1 1 1 0 1 1 1 1 1 1 1 1 1 1 1 1 1 1 1 1 1 1 1 1
305 32 5741  0 0 1 0 1 1 1 0 0 1 0 0 0 1 1 1 0 1 0 1 1 1 1 0 1 1 0 1 1 1 0 1
306 32 8278  1 1 1 1 1 1 1 1 1 1 1 1 1 1 1 1 1 1 1 1 1 1 1 1 1 1 1 1 1 1 1 1
307 32 6584  1 1 1 1 1 0 1 1 1 1 0 1 0 1 1 0 1 1 1 1 1 0 1 1 0 1 1 0 1 1 1 0
308 32 4193  0 0 1 0 1 1 0 0 0 1 1 0 0 0 1 1 1 1 1 0 1 0 0 0 1 0 1 0 0 0 0 1
309 32 7014  0 1 0 1 1 0 1 1 1 0 1 0 1 1 1 1 1 1 0 0 0 1 0 0 1 1 1 1 1 0 1 1
310 32 2189  0 1 1 0 0 0 0 0 0 0 0 0 0 0 0 0 0 0 0 1 0 0 0 0 1 0 1 0 1 0 0 0
311 32 6388  0 0 0 1 1 1 1 1 1 1 0 1 0 0 0 1 0 0 1 1 0 1 1 1 0 0 1 0 1 1 1 0
312 32 4381  0 0 1 0 1 0 1 1 1 1 1 0 0 0 1 1 1 0 0 0 1 0 0 0 0 0 0 1 0 0 0 0
313 32 7335  1 1 1 1 1 1 1 1 1 1 1 0 1 1 1 0 0 0 1 1 1 0 1 1 0 0 1 0 0 1 1 0
314 32 7423  1 1 1 1 1 1 1 1 0 1 0 1 1 1 1 1 1 1 1 1 1 1 1 1 1 1 1 1 1 1 0 1
315 32 6058  1 0 1 1 1 1 1 1 1 1 1 1 0 1 1 1 1 1 1 1 1 1 1 1 0 0 1 1 1 0 1 1
316 32 3919  1 0 1 1 1 0 0 0 0 0 0 0 0 1 0 1 0 1 1 0 0 0 1 1 1 0 0 0 1 1 0 0
317 32 8585  1 1 1 1 1 1 1 1 1 0 1 1 1 1 1 1 0 1 1 1 1 1 1 1 1 1 1 0 1 1 0 1
318 32 7269  1 1 1 1 1 0 0 1 1 1 1 1 1 1 1 0 1 1 0 0 0 1 1 1 1 0 1 0 1 0 1 1
319 32 8262  1 1 1 1 1 1 1 1 1 1 1 1 1 1 1 1 0 1 1 1 1 1 1 1 1 1 1 1 1 1 1 1
320 32 7245  1 1 1 1 0 1 1 0 1 1 0 0 0 1 1 1 1 0 0 0 1 0 1 0 1 1 1 1 1 1 1 0
321 32 6693  1 0 1 0 0 1 1 1 1 1 0 0 1 1 1 0 1 1 1 1 0 1 1 0 1 0 1 0 1 1 1 0
322 32 5000  0 1 1 1 0 1 1 1 1 1 0 1 1 0 0 0 1 1 0 0 0 0 0 1 0 0 0 0 0 0 1 1
323 32 4192  1 1 0 0 1 0 0 0 1 0 0 0 1 1 1 1 1 0 1 0 0 0 1 0 1 0 1 0 0 0 0 1
324 32 3050  0 0 0 0 0 1 0 0 0 0 1 0 0 0 1 0 0 1 0 0 1 0 0 0 1 0 0 0 0 0 1 0
325 32 8974  1 1 1 1 1 0 1 1 1 1 1 1 1 1 1 1 1 1 1 1 1 1 1 1 1 1 1 1 1 1 1 1
326 32 2890  0 0 0 1 0 0 0 0 0 1 0 0 0 0 1 0 0 1 1 1 0 0 1 0 0 0 1 1 0 0 1 1
327 32 9155  1 1 1 1 1 1 1 0 1 1 0 1 1 1 1 1 1 1 1 1 1 1 1 1 1 1 1 0 1 1 1 1
328 32 4632  1 1 0 1 0 0 0 1 1 1 1 0 0 1 0 1 0 0 1 0 0 1 1 1 0 0 0 0 0 0 1 1
329 32 7093  1 0 1 0 0 1 1 1 1 1 1 1 1 1 1 1 1 0 1 1 1 1 1 1 1 0 1 1 1 1 1 1
330 32 6202  0 1 0 1 0 0 0 0 1 1 1 1 0 1 1 1 1 1 0 1 1 1 1 1 1 0 0 0 1 0 1 0
331 32 7099  1 1 1 1 1 1 1 1 1 1 1 1 1 1 1 1 1 1 1 1 1 1 1 1 1 1 1 1 1 1 1 1
332 32 4723  1 1 1 0 1 0 0 1 1 1 0 1 1 0 1 0 0 0 0 0 0 0 0 1 0 1 1 1 0 0 0 0
333 32 3520  1 1 0 1 0 0 0 1 0 0 0 0 0 0 0 1 1 0 0 0 0 0 1 0 0 1 0 1 0 1 0 0
334 32 6736  0 1 1 1 1 0 1 1 1 1 0 1 1 1 1 1 1 1 0 0 0 1 1 1 1 1 1 1 1 0 0 1
335 32 5494  0 1 1 0 0 0 1 1 0 1 0 1 1 0 0 1 1 0 1 0 0 0 0 1 1 1 0 1 0 1 1 0
336 32 8465  1 1 1 1 1 1 1 1 1 1 1 1 1 1 1 1 1 1 1 1 1 1 1 1 1 1 1 1 1 1 1 1
337 32 6465  0 1 1 0 1 0 1 0 0 1 1 1 1 1 0 1 1 0 1 0 0 0 0 1 1 0 1 1 1 0 1 1
338 32 6904  0 1 1 0 1 1 1 0 0 1 1 1 1 1 1 1 1 0 1 1 0 0 1 1 0 1 1 1 1 1 1 0
339 32 5030  0 1 1 1 0 0 0 0 0 1 1 1 0 1 1 1 0 0 1 0 1 1 1 1 1 1 1 0 1 0 0 1
340 32 7496  1 1 1 1 1 0 1 1 1 1 1 0 1 1 1 0 1 1 1 1 1 0 1 0 1 1 1 1 1 1 1 1
341 32 7318  1 0 1 1 1 1 1 1 0 0 1 1 1 0 1 1 0 1 1 1 0 0 1 1 1 1 1 1 1 0 0 1
342 32 8177  1 1 1 1 1 1 1 0 1 1 1 0 1 1 1 1 1 0 1 1 0 1 1 0 1 1 1 1 1 1 1 1
343 32 7656  1 1 1 1 1 1 1 1 1 1 1 1 1 1 1 1 1 1 1 1 1 1 1 1 1 1 1 1 1 1 1 1
344 32 7711  1 1 1 1 1 1 1 1 1 1 1 1 1 1 1 1 1 1 1 0 1 1 1 1 1 1 1 0 1 1 1 0
345 32 8183  1 1 1 1 1 1 1 1 1 1 1 1 1 1 1 1 1 1 1 1 1 1 1 1 1 1 1 1 1 1 1 1
346 32 5953  0 0 1 0 0 1 1 0 1 1 0 1 1 0 0 1 0 0 0 1 1 0 0 1 0 1 1 1 0 0 1 1
347 32 6908  0 1 0 1 0 1 1 0 0 0 1 1 0 1 1 0 1 0 1 1 1 1 1 1 1 0 0 1 1 0 1 1
348 32 7947  1 0 1 1 0 0 1 1 0 1 1 0 1 1 1 1 1 0 1 1 1 0 1 1 1 1 1 0 0 1 1 1
349 32 7374  1 1 1 0 0 1 1 1 1 1 1 1 1 1 1 0 0 1 1 1 1 1 0 0 0 1 1 1 1 1 1 1
350 32 3643  0 0 0 0 0 0 0 0 0 0 0 1 0 0 0 1 0 0 1 1 1 0 1 0 1 1 1 0 0 0 1 1
351 32 8797  1 1 1 1 1 1 1 1 1 1 1 1 1 0 1 1 1 1 1 1 1 1 1 1 1 1 1 1 1 1 1 1
352 32 3453  1 1 1 0 1 0 0 0 1 0 1 0 1 0 0 0 0 0 0 1 0 1 0 1 1 0 0 0 1 0 0 0
353 32 6797  1 1 1 1 1 1 1 1 0 0 1 1 1 1 1 1 1 1 1 1 1 0 1 1 1 1 1 0 1 0 1 1
354 32 7702  1 0 1 1 0 1 1 1 1 1 0 0 1 1 0 1 0 1 1 0 0 1 1 1 1 1 1 1 0 0 1 0
355 32 5357  1 1 1 1 0 0 1 0 0 0 0 1 1 0 1 1 1 0 1 1 0 0 1 0 1 0 1 0 1 1 1 1
356 32 4557  0 1 0 0 1 0 0 0 1 0 1 0 1 0 1 1 1 0 0 0 1 0 1 0 1 1 1 0 1 0 1 0
357 32 5383  0 1 1 0 0 0 1 0 1 1 0 1 1 1 1 0 1 1 1 0 1 0 1 0 1 1 0 0 0 0 0 0
358 32 6733  1 1 1 1 0 0 1 1 1 1 1 1 1 0 0 1 1 1 0 1 1 0 1 0 1 1 0 0 1 1 0 0
359 32 7110  1 1 1 1 1 1 1 1 1 0 1 0 1 1 1 0 1 1 1 1 1 1 0 1 1 1 0 1 1 1 0 0
360 32 6683  1 1 0 0 1 1 1 0 0 1 1 0 1 1 0 1 1 0 0 0 1 1 1 1 1 0 1 0 0 1 1 1
361 32 6677  1 1 1 1 1 0 1 0 0 1 1 1 1 0 0 1 1 1 1 1 0 1 1 1 0 1 1 1 0 1 1 1
362 32 2451  1 1 1 0 0 0 0 0 0 0 0 1 0 0 0 1 0 1 0 0 1 0 0 0 0 0 0 0 1 0 0 0
363 32 8467  1 1 1 1 1 1 1 1 1 1 1 1 1 1 1 1 1 1 1 1 1 1 1 1 1 1 1 1 1 1 1 1
364 32 6774  1 0 1 1 0 1 1 0 1 1 1 0 0 1 1 1 0 0 1 1 0 0 1 1 0 0 1 0 1 1 1 1
365 32 9243  1 1 1 1 1 1 1 1 1 1 1 1 1 1 1 1 1 1 1 1 1 1 1 1 1 1 1 1 1 1 1 1
366 32 6628  1 1 0 0 0 0 1 1 1 0 1 0 0 1 0 1 1 0 1 1 1 0 1 1 1 0 1 1 1 1 1 0
367 32 7434  1 1 0 1 1 0 1 1 1 1 1 1 1 0 1 1 1 1 1 0 0 1 1 1 1 1 0 1 0 1 1 1
368 32 7928  0 1 0 1 0 1 1 1 1 0 1 1 1 1 1 1 1 1 1 0 1 1 0 1 1 0 0 1 1 1 1 1
369 32 6021  1 0 1 1 0 1 1 1 1 1 1 0 1 0 1 1 1 1 0 1 1 1 0 0 0 1 1 0 1 1 0 1
370 32 5196  0 0 0 0 1 1 1 1 0 1 1 0 1 1 0 1 1 1 1 0 1 0 1 0 1 1 0 1 0 0 1 0
371 32 6546  0 0 1 1 0 1 0 1 1 1 1 1 1 0 0 1 1 0 0 0 1 0 1 0 0 0 1 1 1 1 1 1
372 32 5468  0 1 1 0 0 1 1 1 0 1 0 1 0 0 1 1 1 0 1 1 0 0 0 0 0 1 1 1 0 1 0 0
373 32 7946  1 1 1 0 1 1 1 0 0 1 1 0 1 1 1 1 1 1 1 1 1 1 0 1 0 1 1 1 1 1 1 1
374 32 7331  1 0 1 1 1 1 1 1 0 1 1 1 1 0 0 1 1 1 1 0 1 1 1 0 1 0 1 1 0 1 1 0
375 32 7173  1 1 0 1 1 1 1 1 1 1 1 1 1 0 1 1 1 1 1 0 1 1 1 0 0 0 0 1 1 1 1 1
376 32 7645  1 1 1 1 0 1 1 1 1 1 1 1 1 1 1 1 1 1 1 1 1 1 1 1 0 1 1 1 1 1 1 1
377 32 3875  1 0 0 1 0 0 1 1 0 1 1 1 0 0 0 0 0 0 1 0 0 0 0 1 0 0 0 0 1 0 1 0
378 32 7629  1 1 1 1 1 1 1 1 1 1 1 1 0 1 1 1 1 1 1 1 1 1 1 1 1 1 1 1 1 1 1 1
379 32 1458  0 1 0 0 0 0 1 0 0 1 0 0 0 1 0 0 0 0 0 0 0 1 0 0 0 0 0 0 0 0 0 0
380 32 6505  0 1 0 1 1 1 1 1 1 1 0 1 0 1 1 1 1 1 1 1 0 1 0 1 1 1 0 0 0 1 1 1
381 32 2477  0 1 0 0 0 0 1 0 0 0 0 1 1 0 0 0 0 0 0 1 0 0 0 0 0 0 1 0 1 0 0 1
382 32 4089  1 0 1 0 0 1 0 0 1 0 0 0 0 1 0 0 0 0 1 0 0 1 0 1 1 1 1 0 1 0 1 0
383 32 7837  1 1 1 1 1 1 1 1 1 1 1 1 1 1 1 1 1 1 1 1 1 1 1 1 1 1 1 1 1 1 1 1
384 32 8282  0 0 1 1 1 0 0 1 1 1 1 0 1 1 1 1 1 0 1 1 1 1 1 0 1 1 1 1 0 1 1 1
385 32 6869  1 1 1 0 1 1 1 1 0 0 1 1 0 1 1 1 1 1 1 1 1 1 1 1 0 1 1 0 1 1 1 1
386 32 7678  1 1 1 1 0 1 1 0 1 1 1 0 1 1 1 0 1 1 1 1 1 1 1 1 1 1 0 1 1 1 1 1
387 32 3642  0 0 1 1 0 1 0 0 0 1 0 0 0 1 0 0 0 0 0 1 1 0 0 0 1 0 1 0 1 0 1 0
388 32 7879  1 1 1 1 1 1 1 1 1 1 1 1 1 1 1 1 1 1 1 1 1 1 1 1 1 1 1 1 1 1 1 1
389 32 8049  0 0 1 1 1 1 1 1 0 1 1 0 1 1 1 1 1 1 1 0 0 1 1 1 0 1 1 1 1 1 1 1
390 32 5561  1 1 1 1 1 1 0 1 0 0 1 1 0 0 1 0 0 0 0 0 0 1 0 1 1 1 1 0 0 1 0 1
391 32 6342  0 1 0 1 1 0 1 1 0 0 0 1 1 1 1 1 1 1 0 1 1 0 1 0 1 1 0 1 0 1 1 0
392 32 8894  1 1 1 1 1 1 1 1 1 1 1 1 1 1 1 1 1 1 1 0 1 1 1 0 1 1 1 1 1 1 1 1
393 32 7882  1 1 1 1 1 0 1 1 1 1 1 1 1 1 1 1 1 1 1 0 1 1 1 1 1 0 1 0 1 1 1 1
394 32 7395  1 1 1 1 1 0 0 1 1 1 1 0 1 0 0 1 1 1 1 1 1 1 1 1 0 0 1 1 0 1 1 1
395 32 7249  1 1 0 1 0 1 1 1 0 1 1 1 1 1 1 1 1 1 1 0 1 1 1 1 1 1 1 1 0 1 1 1
396 32 7586  0 1 1 0 1 1 1 0 1 1 0 1 0 1 1 1 1 1 1 0 1 1 0 0 1 1 1 1 1 1 1 0
397 32 4172  1 0 0 1 0 0 0 1 0 1 0 0 0 1 1 0 0 0 0 0 0 1 1 1 0 1 0 0 0 0 1 0
398 32 9413  1 1 1 1 1 1 1 1 1 1 1 1 0 1 1 1 1 1 1 1 1 1 1 1 1 1 1 1 1 1 1 1
399 32 6836  1 1 1 0 1 1 1 1 0 0 0 0 1 1 1 1 1 1 1 1 1 1 1 1 1 1 1 1 1 0 1 1
400 32 7692  1 1 1 1 1 1 0 0 0 1 1 0 1 0 1 1 1 1 0 1 0 1 0 1 1 1 0 0 1 0 1 1
401 32 8747  1 1 1 1 0 1 0 1 1 1 1 1 1 0 1 1 1 1 1 0 1 1 1 1 1 1 1 1 0 1 1 1
402 32 3226  0 1 0 1 0 0 1 0 0 0 0 0 0 1 0 0 0 1 1 1 1 0 0 0 0 1 1 1 0 0 0 0
403 32 7892  1 0 1 1 1 1 0 0 1 1 1 0 0 1 1 0 1 0 0 1 1 1 0 1 0 1 1 1 1 1 1 1
404 32 5269  0 0 0 1 0 1 0 0 1 1 1 1 0 0 0 1 0 0 0 0 1 0 0 0 1 1 1 1 1 1 1 1
405 32 4490  1 1 0 0 0 1 0 0 0 0 1 0 0 0 1 1 1 1 0 0 0 0 0 0 1 0 1 1 0 1 1 0
406 32 2792  0 0 0 0 0 0 0 0 0 0 0 1 0 1 1 1 1 0 1 0 0 0 0 0 0 0 1 0 0 1 0 0
407 32 3998  1 1 0 0 0 0 1 0 0 0 1 0 0 0 1 1 0 0 1 1 0 1 0 0 0 0 1 0 1 1 1 0
408 32 7312  1 0 0 1 1 1 1 0 1 1 1 1 1 1 0 1 1 1 1 1 1 1 0 1 1 0 1 1 1 1 1 1
409 32 7756  1 1 0 1 1 0 0 1 1 0 1 0 1 0 1 0 1 1 0 1 1 1 1 1 1 1 1 1 1 1 0 0
410 32 4436  1 1 0 1 1 1 1 0 0 0 1 0 1 0 0 0 0 0 0 0 0 1 1 0 1 1 1 0 0 1 1 1
411 32 6494  1 1 1 1 0 1 0 0 0 0 0 1 1 1 1 1 1 1 1 1 1 1 0 1 1 1 1 0 0 1 0 0
412 32 4678  1 0 0 1 1 0 0 0 1 0 0 1 1 0 1 1 0 0 0 0 0 1 0 1 0 1 0 0 1 1 0 0
413 32 3982  1 1 1 0 0 0 1 0 0 1 0 0 0 1 0 0 1 0 0 1 1 1 0 1 0 1 0 0 0 1 0 0
414 32 6236  0 0 0 1 0 0 1 1 0 0 0 0 1 1 1 1 1 0 0 0 0 1 1 1 1 1 1 1 0 0 1 1
415 32 6140  1 1 0 1 1 0 0 1 1 1 0 1 1 0 0 1 1 1 0 1 1 1 1 0 1 0 0 1 1 1 1 1
416 32 7413  1 1 1 1 1 1 1 1 1 1 1 1 1 1 1 1 1 1 1 1 1 1 1 1 1 1 1 1 1 1 1 1
417 32 6938  1 1 1 0 1 0 0 1 0 1 1 1 0 1 1 0 1 1 1 1 1 0 0 1 0 1 0 0 1 1 1 1
418 32 6933  1 1 1 0 1 0 1 0 1 1 1 1 1 1 0 0 1 1 1 1 0 1 1 1 1 1 0 1 1 0 1 0
419 32 8213  1 1 1 1 1 1 1 1 1 1 1 1 1 1 1 1 1 0 0 1 1 1 1 1 1 1 1 1 1 1 1 1
420 32 5095  0 0 0 1 1 1 0 0 0 1 1 0 1 0 0 1 0 0 0 1 1 1 0 1 0 0 0 0 0 1 1 0
421 32 7670  1 1 1 1 0 0 1 1 1 1 1 1 1 1 1 0 1 1 1 1 1 1 1 1 1 0 1 1 1 0 1 1
422 32 6183  1 0 1 1 0 1 0 0 1 1 1 1 1 1 1 0 0 1 1 1 1 1 0 1 0 1 1 0 1 1 0 0
423 32 5431  0 1 0 1 0 1 0 1 1 1 0 0 0 1 0 1 1 0 0 0 0 0 1 0 1 1 0 1 1 0 0 1
424 32 6090  1 0 0 1 0 1 1 1 1 1 0 1 1 1 1 0 0 0 1 0 0 0 0 1 1 1 1 0 1 0 1 1
425 32 9209  1 1 1 1 1 1 1 1 1 1 1 1 1 1 1 1 1 1 1 1 1 1 1 1 1 1 1 1 1 1 1 1
426 32 8949  1 1 1 1 1 1 1 1 0 1 0 1 1 1 1 1 1 1 1 1 0 1 1 1 1 1 1 1 1 1 1 1
427 32 5036  1 0 0 1 1 0 0 0 1 1 1 0 0 1 1 0 0 1 0 0 1 0 0 1 0 1 1 1 0 0 1 0
428 32 2505  0 0 0 0 1 0 0 0 1 1 0 0 0 0 0 0 0 0 1 0 1 1 0 0 1 0 0 0 0 0 0 0
429 32 5326  0 1 0 1 1 1 1 1 0 1 0 0 0 1 1 1 1 1 0 1 0 1 0 0 1 0 0 0 1 0 0 0
430 32 6185  0 0 1 1 1 1 1 1 1 0 1 0 0 1 1 1 0 1 1 1 0 1 0 0 0 1 0 0 1 1 1 1
431 32 6997  1 0 0 1 0 1 1 1 1 1 1 1 1 1 1 1 1 0 1 1 1 1 0 1 1 0 1 0 1 1 0 1
432 32 2689  0 0 0 1 1 1 1 1 0 0 0 0 0 0 0 0 0 1 1 0 0 1 1 0 0 0 0 0 0 0 0 0
433 32 4006  0 0 0 1 1 0 0 0 0 0 0 0 1 0 1 0 1 1 1 0 0 0 1 1 0 1 0 0 0 0 0 1
434 32 8296  1 1 1 1 1 0 1 1 1 1 0 0 1 1 1 1 1 1 1 1 0 1 0 1 1 1 1 1 1 1 1 1
435 32 7469  1 1 1 1 1 1 1 1 1 1 1 1 1 1 1 1 1 1 1 1 1 1 1 1 1 1 1 1 1 1 0 1
436 32 7647  0 0 1 1 1 1 1 0 1 0 1 1 1 1 1 1 0 0 0 1 1 1 1 1 0 1 1 1 1 1 1 0
437 32 6927  1 1 1 1 1 1 1 1 1 1 1 1 1 1 1 1 1 1 1 1 1 0 1 1 1 1 1 1 1 1 1 1
438 32 7095  1 0 1 0 1 1 1 1 1 1 1 1 1 1 0 1 1 1 1 1 1 1 1 1 1 1 1 1 1 0 1 1
439 32 6166  0 0 1 1 0 1 1 1 1 1 1 1 0 1 1 1 1 1 1 0 0 0 0 0 0 1 0 1 1 0 1 1
440 32 4120  0 0 1 0 0 1 1 1 0 1 0 0 0 1 0 1 1 1 1 0 0 0 0 0 0 0 1 1 0 1 0 0
441 32 5395  1 1 1 1 0 0 1 0 0 1 1 0 0 1 0 1 0 1 1 0 1 1 1 1 1 1 0 0 0 1 0 0
442 32 7885  1 1 1 1 1 1 1 1 1 1 1 1 1 1 1 1 1 1 1 1 1 1 1 1 1 1 1 1 1 1 1 1
443 32 6543  1 0 1 1 0 1 1 1 1 1 0 1 1 0 1 1 1 1 1 1 1 1 1 1 0 1 0 1 1 0 1 1
444 32 2446  1 0 0 1 0 1 0 0 0 0 1 0 0 0 0 0 0 0 0 0 0 0 0 0 0 0 0 1 1 1 0 0
445 32 7287  1 1 1 1 1 1 1 0 1 1 1 1 1 1 1 0 1 1 0 1 1 1 0 1 1 1 0 1 0 1 1 1
446 32 3807  0 1 0 0 1 0 0 0 0 0 1 1 0 0 1 0 1 1 1 0 0 1 1 1 1 0 1 0 0 0 0 0
447 32 7068  0 1 0 1 1 0 1 0 1 1 0 1 1 1 1 1 1 0 1 1 1 0 1 1 1 0 0 0 1 1 1 1
448 32 5298  1 1 0 0 1 1 1 0 1 1 1 0 0 1 1 0 0 1 0 1 0 1 1 1 0 0 0 1 1 0 0 1
449 32 1832  0 0 0 1 1 0 0 0 0 0 0 0 0 0 0 0 0 0 0 0 0 1 1 0 0 0 0 0 1 0 0 0
450 32 3122  0 1 0 0 0 0 0 0 0 0 0 0 0 1 0 0 0 0 1 1 1 0 0 1 0 0 1 0 1 1 0 0
451 32 8919  0 1 1 1 1 1 1 1 1 1 1 1 1 1 1 1 1 1 1 1 1 1 1 1 0 1 1 1 0 1 0 1
452 32 1766  0 0 0 1 0 0 1 0 1 1 0 0 0 0 0 0 0 0 0 0 0 0 0 0 0 0 1 0 0 0 0 0
453 32 5582  0 0 0 0 0 0 0 1 1 1 1 1 0 1 1 1 0 0 1 1 0 1 1 1 1 0 0 1 0 0 0 0
454 32 6081  1 1 1 0 1 1 0 0 1 0 0 1 0 0 1 1 1 0 0 0 1 0 0 1 0 0 1 1 1 1 1 0
455 32 5939  1 1 1 0 0 1 0 1 0 1 1 0 1 1 1 1 1 1 0 1 1 1 0 0 1 1 0 1 0 1 1 0
456 32 4133  0 0 1 0 0 0 1 1 1 0 0 0 0 0 0 0 1 1 1 1 0 0 0 1 1 0 0 1 0 1 0 1
457 32 5801  1 0 1 1 1 0 0 1 1 0 1 1 0 0 1 0 0 1 1 0 1 1 0 0 0 0 0 1 0 1 1 1
458 32 6561  1 1 1 1 1 1 1 1 1 1 1 1 1 0 1 1 1 1 0 1 0 1 1 1 1 1 1 1 1 1 1 1
459 32 6545  1 1 0 1 1 0 1 1 1 0 1 0 1 0 1 0 1 0 1 1 1 0 1 1 1 0 1 1 0 0 0 1
460 32 9078  1 1 1 1 1 1 1 1 0 1 0 1 1 1 1 1 1 1 1 1 1 1 1 0 1 0 1 1 1 1 1 1
461 32 4185  0 0 1 1 0 1 0 0 0 0 1 0 1 0 1 0 1 0 0 0 0 1 0 1 0 0 1 0 1 0 1 0
462 32 8024  1 1 1 1 1 1 1 1 1 1 1 1 1 1 1 1 1 1 1 0 1 1 1 0 1 1 1 1 1 1 1 1
463 32 3406  1 1 1 0 1 0 0 1 0 0 0 1 0 1 0 0 0 1 0 0 1 0 0 0 0 0 0 0 0 0 0 1
464 32 1129  0 0 0 0 0 0 0 0 0 0 0 0 0 0 0 0 0 1 0 0 1 0 0 0 0 1 0 0 0 0 0 0
465 32 6369  1 1 1 1 1 1 1 0 1 1 1 1 1 1 1 1 0 1 1 1 1 1 1 1 1 1 0 1 0 1 0 0
466 32 2909  1 0 0 0 0 0 0 0 1 1 1 0 1 0 1 0 0 0 0 0 0 1 1 0 1 0 0 1 1 0 0 1
467 32 7799  1 0 1 1 1 1 1 1 1 1 1 1 1 1 1 1 1 1 1 1 1 1 1 1 1 1 1 0 1 1 1 1
468 32 8554  1 0 1 1 1 1 1 1 0 1 1 1 0 1 1 1 1 1 1 1 0 1 1 1 1 1 0 1 1 1 1 1
469 32 7150  1 1 0 1 0 1 0 1 0 1 0 1 1 1 1 1 1 0 1 1 1 1 0 0 1 0 1 1 1 0 1 1
470 32 7432  1 1 1 0 1 0 1 0 1 1 1 1 0 0 1 1 0 0 1 0 1 0 1 1 1 1 0 0 1 1 1 1
471 32 8070  1 1 1 1 1 1 1 1 1 1 1 1 1 1 1 1 1 1 1 1 1 1 1 1 1 1 1 1 1 1 1 1
472 32 6472  0 1 1 0 0 1 1 1 0 1 0 1 1 1 0 1 0 0 1 1 1 0 0 1 1 1 1 1 1 0 1 0
473 32 4479  0 0 1 0 0 1 0 0 0 1 0 1 0 1 1 0 0 0 1 0 0 1 1 1 1 1 1 1 0 0 1 0
474 32 8196  1 1 1 1 0 1 1 1 1 1 1 1 1 0 1 1 1 1 1 1 0 1 1 1 1 1 1 1 1 0 1 1
475 32 6433  1 1 1 0 0 1 1 0 1 0 0 1 1 0 1 1 1 1 1 0 1 1 1 0 0 1 0 1 1 1 1 1
476 32 6607  1 1 1 1 1 1 1 1 1 1 1 1 1 1 1 1 1 1 0 1 1 1 1 1 1 1 1 1 1 1 1 1
477 32 7642  1 1 1 1 0 1 1 1 1 1 1 0 1 1 1 1 1 1 1 1 1 1 1 1 1 1 1 1 1 0 0 1
478 32 3301  0 0 1 0 1 0 1 1 0 0 1 1 0 0 0 0 0 0 1 1 0 0 0 0 0 0 1 1 0 0 1 1
479 32 6675  1 1 1 1 1 0 0 0 0 0 0 1 0 1 0 1 1 0 0 1 1 1 0 1 1 1 0 0 1 0 1 1
480 32 3807  0 0 0 1 1 0 0 1 1 0 0 0 0 1 1 0 1 0 0 0 1 1 0 0 0 0 1 0 0 1 0 1
481 32 6908  1 1 1 1 1 1 1 0 0 0 1 1 1 0 1 1 1 1 1 1 0 1 1 0 1 1 0 0 0 0 1 1
482 32 5552  1 0 0 1 0 1 1 1 1 1 1 1 1 1 1 1 1 1 1 1 0 1 1 0 1 0 0 1 1 0 0 0
483 32 6440  1 0 1 1 0 1 1 1 1 1 1 1 0 1 1 0 0 0 0 0 1 1 1 1 1 1 1 1 1 1 1 1
484 32 5349  0 0 1 0 1 0 1 0 1 0 0 0 1 1 1 0 0 0 0 0 0 1 0 1 1 1 1 1 1 1 1 0
485 32 2922  0 0 0 1 0 0 0 0 0 0 1 1 1 0 1 0 1 0 0 0 0 0 0 0 0 0 0 1 0 0 0 1
486 32 7170  1 0 1 1 1 1 0 0 1 1 1 1 1 1 1 1 1 1 1 1 0 1 1 0 1 1 1 1 0 1 1 1
487 32 7097  1 1 1 1 1 1 0 1 1 1 1 1 1 0 1 0 1 1 1 0 1 1 1 1 0 1 1 1 1 1 1 1
488 32 5617  1 1 0 0 0 1 1 1 0 1 1 0 0 1 1 1 0 0 1 0 0 0 0 0 1 0 0 0 1 0 1 0
489 32 3273  0 0 0 1 0 1 0 1 1 1 0 0 0 0 0 0 0 1 0 0 0 0 1 0 0 0 1 0 0 0 0 1
490 32 4805  1 0 1 1 1 0 0 1 0 0 1 1 1 0 1 1 0 0 1 1 1 0 0 0 0 0 0 0 0 1 0 0
491 32 5221  1 1 0 1 1 0 0 0 0 1 0 1 0 0 1 0 0 0 0 0 0 1 1 0 0 1 0 1 1 1 0 1
492 32 8318  1 1 1 1 1 1 0 1 1 1 1 1 1 1 1 1 1 1 1 1 1 1 1 1 0 1 1 0 0 1 1 1
493 32 5243  0 0 0 0 0 0 1 0 0 0 1 1 1 1 1 1 1 0 1 1 1 0 1 0 0 0 1 0 1 1 0 0
494 32 5556  1 0 1 0 1 1 1 0 0 1 1 1 1 1 1 0 1 0 1 0 0 0 1 1 0 0 1 1 1 1 1 0
495 32 6461  1 0 1 0 1 0 1 1 1 1 1 1 1 1 1 1 1 1 1 1 0 1 1 1 1 1 1 1 1 1 1 1
496 32 4210  1 1 0 1 0 0 1 0 0 1 0 0 0 1 0 0 1 0 1 0 0 0 1 0 0 0 0 1 0 1 1 1
497 32 4495  1 0 0 1 1 0 0 1 0 0 0 1 0 0 1 0 0 1 0 1 1 1 0 0 1 1 1 0 0 1 1 0
498 32 1310  0 1 0 1 0 0 1 0 1 0 0 0 0 0 0 0 0 0 0 0 0 0 0 0 0 0 0 0 0 0 0 0
499 32 6836  1 0 0 1 1 0 1 0 0 1 1 1 1 0 1 0 1 1 0 0 1 0 1 1 1 1 1 0 1 1 1 0
